<?xml version="1.0" encoding="utf-8"?>
<COLLADA xmlns="http://www.collada.org/2005/11/COLLADASchema" version="1.4.1">
  <asset><contributor><author></author><authoring_tool>FBX COLLADA exporter</authoring_tool><comments></comments></contributor><created>2013-09-10T16:55:48Z</created><keywords></keywords><modified>2013-09-10T16:55:48Z</modified><revision></revision><subject></subject><title></title><unit meter="0.010000" name="centimeter"></unit><up_axis>Y_UP</up_axis></asset>
  <library_animations>
    <animation id="Pelvis-anim" name="Pelvis"><animation><source id="Pelvis-Matrix-animation-input"><float_array id="Pelvis-Matrix-animation-input-array" count="9">

0.041667 0.083333 0.125000 0.166667 0.208333 0.250000 0.291667 0.333333 0.375000</float_array><technique_common><accessor source="#Pelvis-Matrix-animation-input-array" count="9"><param name="TIME" type="float"/></accessor></technique_common></source><source id="Pelvis-Matrix-animation-output-transform"><float_array id="Pelvis-Matrix-animation-output-transform-array" count="144">

0.999470 -0.014882 0.028969 0.000000 0.016637 0.997981 -0.061292 2.651571 -0.027998 0.061742 0.997699 2.031953 0.000000 0.000000 0.000000 1.000000
0.999470 -0.014882 0.028969 0.000000 0.016637 0.997981 -0.061292 2.651571 -0.027998 0.061742 0.997699 2.031953 0.000000 0.000000 0.000000 1.000000
0.999470 -0.014882 0.028969 0.000000 0.016637 0.997981 -0.061292 2.651571 -0.027998 0.061742 0.997699 2.031953 0.000000 0.000000 0.000000 1.000000
0.999470 -0.014882 0.028969 0.000000 0.016637 0.997981 -0.061292 2.651571 -0.027998 0.061742 0.997699 2.031953 0.000000 0.000000 0.000000 1.000000
0.999470 -0.014882 0.028969 0.000000 0.016637 0.997981 -0.061292 2.651571 -0.027998 0.061742 0.997699 2.031953 0.000000 0.000000 0.000000 1.000000
0.999470 -0.014882 0.028969 0.000000 0.016637 0.997981 -0.061292 2.651571 -0.027998 0.061742 0.997699 2.031953 0.000000 0.000000 0.000000 1.000000
0.999470 -0.014882 0.028969 0.000000 0.016637 0.997981 -0.061292 2.651571 -0.027998 0.061742 0.997699 2.031953 0.000000 0.000000 0.000000 1.000000
0.999470 -0.014882 0.028969 0.000000 0.016637 0.997981 -0.061292 2.651571 -0.027998 0.061742 0.997699 2.031953 0.000000 0.000000 0.000000 1.000000
0.999470 -0.014882 0.028969 0.000000 0.016637 0.997981 -0.061292 2.651571 -0.027998 0.061742 0.997699 2.031953 0.000000 0.000000 0.000000 1.000000</float_array><technique_common><accessor source="#Pelvis-Matrix-animation-output-transform-array" count="9" stride="16"><param type="float4x4"/></accessor></technique_common></source><source id="Pelvis-Interpolations"><Name_array id="Pelvis-Interpolations-array" count="9">
 LINEAR LINEAR LINEAR LINEAR LINEAR LINEAR LINEAR LINEAR LINEAR</Name_array><technique_common><accessor source="#Pelvis-Interpolations-array" count="9"><param type="name"/></accessor></technique_common></source><sampler id="Pelvis-Matrix-animation-transform"><input semantic="INPUT" source="#Pelvis-Matrix-animation-input"/><input semantic="OUTPUT" source="#Pelvis-Matrix-animation-output-transform"/><input semantic="INTERPOLATION" source="#Pelvis-Interpolations"/></sampler><channel source="#Pelvis-Matrix-animation-transform" target="Pelvis/matrix"/></animation></animation>
    <animation id="Spine_01-anim" name="Spine_01"><animation><source id="Spine_01-Matrix-animation-input"><float_array id="Spine_01-Matrix-animation-input-array" count="9">

0.041667 0.083333 0.125000 0.166667 0.208333 0.250000 0.291667 0.333333 0.375000</float_array><technique_common><accessor source="#Spine_01-Matrix-animation-input-array" count="9"><param name="TIME" type="float"/></accessor></technique_common></source><source id="Spine_01-Matrix-animation-output-transform"><float_array id="Spine_01-Matrix-animation-output-transform-array" count="144">

0.000000 -0.000000 1.000000 -0.000000 0.997390 0.072196 -0.000000 0.211260 -0.072196 0.997390 0.000000 0.059226 0.000000 0.000000 0.000000 1.000000
-0.000643 0.000983 0.999999 -0.000000 0.996628 0.082051 0.000560 0.211260 -0.082050 0.996628 -0.001032 0.059226 0.000000 0.000000 0.000000 1.000000
-0.002124 0.003100 0.999993 -0.000000 0.994606 0.103707 0.001792 0.211260 -0.103701 0.994603 -0.003304 0.059226 0.000000 0.000000 0.000000 1.000000
-0.003698 0.005152 0.999980 -0.000000 0.992112 0.125319 0.003023 0.211260 -0.125301 0.992103 -0.005575 0.059226 0.000000 0.000000 0.000000 1.000000
-0.004443 0.006062 0.999972 -0.000000 0.990822 0.135125 0.003583 0.211260 -0.135100 0.990810 -0.006607 0.059226 0.000000 0.000000 0.000000 1.000000
-0.003698 0.005152 0.999980 -0.000000 0.992112 0.125319 0.003023 0.211260 -0.125301 0.992103 -0.005575 0.059226 0.000000 0.000000 0.000000 1.000000
-0.002124 0.003100 0.999993 0.000000 0.994606 0.103707 0.001792 0.211260 -0.103701 0.994603 -0.003304 0.059226 0.000000 0.000000 0.000000 1.000000
-0.000643 0.000983 0.999999 0.000000 0.996628 0.082051 0.000560 0.211260 -0.082050 0.996628 -0.001032 0.059226 0.000000 0.000000 0.000000 1.000000
0.000000 -0.000000 1.000000 0.000000 0.997390 0.072196 -0.000000 0.211260 -0.072196 0.997390 0.000000 0.059226 0.000000 0.000000 0.000000 1.000000</float_array><technique_common><accessor source="#Spine_01-Matrix-animation-output-transform-array" count="9" stride="16"><param type="float4x4"/></accessor></technique_common></source><source id="Spine_01-Interpolations"><Name_array id="Spine_01-Interpolations-array" count="9">
 LINEAR LINEAR LINEAR LINEAR LINEAR LINEAR LINEAR LINEAR LINEAR</Name_array><technique_common><accessor source="#Spine_01-Interpolations-array" count="9"><param type="name"/></accessor></technique_common></source><sampler id="Spine_01-Matrix-animation-transform"><input semantic="INPUT" source="#Spine_01-Matrix-animation-input"/><input semantic="OUTPUT" source="#Spine_01-Matrix-animation-output-transform"/><input semantic="INTERPOLATION" source="#Spine_01-Interpolations"/></sampler><channel source="#Spine_01-Matrix-animation-transform" target="Spine_01/matrix"/></animation></animation>
    <animation id="Spine_02-anim" name="Spine_02"><animation><source id="Spine_02-Matrix-animation-input"><float_array id="Spine_02-Matrix-animation-input-array" count="9">

0.041667 0.083333 0.125000 0.166667 0.208333 0.250000 0.291667 0.333333 0.375000</float_array><technique_common><accessor source="#Spine_02-Matrix-animation-input-array" count="9"><param name="TIME" type="float"/></accessor></technique_common></source><source id="Spine_02-Matrix-animation-output-transform"><float_array id="Spine_02-Matrix-animation-output-transform-array" count="144">

0.983226 0.182392 0.000000 0.204170 -0.182392 0.983226 0.000000 0.000000 -0.000000 -0.000000 1.000000 -0.000000 0.000000 0.000000 0.000000 1.000000
0.983226 0.182392 -0.000000 0.204170 -0.182392 0.983226 0.000000 0.000000 0.000000 -0.000000 1.000000 -0.000000 0.000000 0.000000 0.000000 1.000000
0.983226 0.182392 -0.000000 0.204170 -0.182392 0.983226 0.000000 0.000000 0.000000 -0.000000 1.000000 0.000000 0.000000 0.000000 0.000000 1.000000
0.983226 0.182392 0.000000 0.204170 -0.182392 0.983226 0.000000 0.000000 -0.000000 -0.000000 1.000000 0.000000 0.000000 0.000000 0.000000 1.000000
0.983226 0.182392 -0.000000 0.204170 -0.182392 0.983226 0.000000 -0.000000 0.000000 -0.000000 1.000000 0.000000 0.000000 0.000000 0.000000 1.000000
0.983226 0.182392 -0.000000 0.204170 -0.182392 0.983226 0.000000 0.000000 0.000000 0.000000 1.000000 -0.000000 0.000000 0.000000 0.000000 1.000000
0.983226 0.182392 -0.000000 0.204170 -0.182392 0.983226 0.000000 -0.000000 0.000000 -0.000000 1.000000 0.000000 0.000000 0.000000 0.000000 1.000000
0.983226 0.182392 0.000000 0.204170 -0.182392 0.983226 0.000000 0.000000 -0.000000 -0.000000 1.000000 -0.000000 0.000000 0.000000 0.000000 1.000000
0.983226 0.182392 -0.000000 0.204170 -0.182392 0.983226 0.000000 0.000000 0.000000 -0.000000 1.000000 -0.000000 0.000000 0.000000 0.000000 1.000000</float_array><technique_common><accessor source="#Spine_02-Matrix-animation-output-transform-array" count="9" stride="16"><param type="float4x4"/></accessor></technique_common></source><source id="Spine_02-Interpolations"><Name_array id="Spine_02-Interpolations-array" count="9">
 LINEAR LINEAR LINEAR LINEAR LINEAR LINEAR LINEAR LINEAR LINEAR</Name_array><technique_common><accessor source="#Spine_02-Interpolations-array" count="9"><param type="name"/></accessor></technique_common></source><sampler id="Spine_02-Matrix-animation-transform"><input semantic="INPUT" source="#Spine_02-Matrix-animation-input"/><input semantic="OUTPUT" source="#Spine_02-Matrix-animation-output-transform"/><input semantic="INTERPOLATION" source="#Spine_02-Interpolations"/></sampler><channel source="#Spine_02-Matrix-animation-transform" target="Spine_02/matrix"/></animation></animation>
    <animation id="Spine_03-anim" name="Spine_03"><animation><source id="Spine_03-Matrix-animation-input"><float_array id="Spine_03-Matrix-animation-input-array" count="9">

0.041667 0.083333 0.125000 0.166667 0.208333 0.250000 0.291667 0.333333 0.375000</float_array><technique_common><accessor source="#Spine_03-Matrix-animation-input-array" count="9"><param name="TIME" type="float"/></accessor></technique_common></source><source id="Spine_03-Matrix-animation-output-transform"><float_array id="Spine_03-Matrix-animation-output-transform-array" count="144">

0.967759 0.251309 0.016892 0.299514 0.251271 -0.967907 0.004386 -0.000000 0.017452 0.000000 -0.999848 -0.000000 0.000000 0.000000 0.000000 1.000000
0.967759 0.251309 0.016892 0.299514 0.251271 -0.967907 0.004386 0.000000 0.017452 0.000000 -0.999848 -0.000000 0.000000 0.000000 0.000000 1.000000
0.967759 0.251309 0.016892 0.299514 0.251271 -0.967907 0.004386 0.000000 0.017452 0.000000 -0.999848 0.000000 0.000000 0.000000 0.000000 1.000000
0.967759 0.251309 0.016892 0.299514 0.251271 -0.967907 0.004386 0.000000 0.017452 0.000000 -0.999848 -0.000000 0.000000 0.000000 0.000000 1.000000
0.967759 0.251309 0.016892 0.299514 0.251271 -0.967907 0.004386 -0.000000 0.017452 0.000000 -0.999848 0.000000 0.000000 0.000000 0.000000 1.000000
0.967759 0.251309 0.016892 0.299514 0.251271 -0.967907 0.004386 0.000000 0.017452 0.000000 -0.999848 -0.000000 0.000000 0.000000 0.000000 1.000000
0.967759 0.251309 0.016892 0.299514 0.251271 -0.967907 0.004386 -0.000000 0.017452 0.000000 -0.999848 0.000000 0.000000 0.000000 0.000000 1.000000
0.967759 0.251309 0.016892 0.299514 0.251271 -0.967907 0.004386 0.000000 0.017452 0.000000 -0.999848 0.000000 0.000000 0.000000 0.000000 1.000000
0.967759 0.251309 0.016892 0.299514 0.251271 -0.967907 0.004386 -0.000000 0.017452 0.000000 -0.999848 -0.000000 0.000000 0.000000 0.000000 1.000000</float_array><technique_common><accessor source="#Spine_03-Matrix-animation-output-transform-array" count="9" stride="16"><param type="float4x4"/></accessor></technique_common></source><source id="Spine_03-Interpolations"><Name_array id="Spine_03-Interpolations-array" count="9">
 LINEAR LINEAR LINEAR LINEAR LINEAR LINEAR LINEAR LINEAR LINEAR</Name_array><technique_common><accessor source="#Spine_03-Interpolations-array" count="9"><param type="name"/></accessor></technique_common></source><sampler id="Spine_03-Matrix-animation-transform"><input semantic="INPUT" source="#Spine_03-Matrix-animation-input"/><input semantic="OUTPUT" source="#Spine_03-Matrix-animation-output-transform"/><input semantic="INTERPOLATION" source="#Spine_03-Interpolations"/></sampler><channel source="#Spine_03-Matrix-animation-transform" target="Spine_03/matrix"/></animation></animation>
    <animation id="Head-anim" name="Head"><animation><source id="Head-Matrix-animation-input"><float_array id="Head-Matrix-animation-input-array" count="9">

0.041667 0.083333 0.125000 0.166667 0.208333 0.250000 0.291667 0.333333 0.375000</float_array><technique_common><accessor source="#Head-Matrix-animation-input-array" count="9"><param name="TIME" type="float"/></accessor></technique_common></source><source id="Head-Matrix-animation-output-transform"><float_array id="Head-Matrix-animation-output-transform-array" count="144">

0.993873 -0.110524 0.000000 0.133559 0.110524 0.993873 -0.000000 0.000000 -0.000000 0.000000 1.000000 0.000000 0.000000 0.000000 0.000000 1.000000
0.993840 -0.110807 -0.002185 0.133559 0.110822 0.993796 0.009379 0.000000 0.001132 -0.009563 0.999954 0.000000 0.000000 0.000000 0.000000 1.000000
0.993756 -0.111354 -0.007000 0.133559 0.111516 0.993310 0.030006 0.000000 0.003612 -0.030599 0.999525 0.000000 0.000000 0.000000 0.000000 1.000000
0.993660 -0.111801 -0.011825 0.133559 0.112260 0.992389 0.050617 0.000000 0.006076 -0.051623 0.998648 0.000000 0.000000 0.000000 0.000000 1.000000
0.993613 -0.111970 -0.014021 0.133559 0.112615 0.991827 0.059977 0.000000 0.007191 -0.061173 0.998101 0.000000 0.000000 0.000000 0.000000 1.000000
0.993660 -0.111801 -0.011825 0.133559 0.112260 0.992389 0.050617 0.000000 0.006076 -0.051623 0.998648 0.000000 0.000000 0.000000 0.000000 1.000000
0.993756 -0.111354 -0.007000 0.133559 0.111516 0.993310 0.030006 0.000000 0.003612 -0.030599 0.999525 0.000000 0.000000 0.000000 0.000000 1.000000
0.993840 -0.110807 -0.002185 0.133559 0.110822 0.993796 0.009379 0.000000 0.001132 -0.009563 0.999954 -0.000000 0.000000 0.000000 0.000000 1.000000
0.993873 -0.110524 0.000000 0.133559 0.110524 0.993873 -0.000000 0.000000 -0.000000 0.000000 1.000000 0.000000 0.000000 0.000000 0.000000 1.000000</float_array><technique_common><accessor source="#Head-Matrix-animation-output-transform-array" count="9" stride="16"><param type="float4x4"/></accessor></technique_common></source><source id="Head-Interpolations"><Name_array id="Head-Interpolations-array" count="9">
 LINEAR LINEAR LINEAR LINEAR LINEAR LINEAR LINEAR LINEAR LINEAR</Name_array><technique_common><accessor source="#Head-Interpolations-array" count="9"><param type="name"/></accessor></technique_common></source><sampler id="Head-Matrix-animation-transform"><input semantic="INPUT" source="#Head-Matrix-animation-input"/><input semantic="OUTPUT" source="#Head-Matrix-animation-output-transform"/><input semantic="INTERPOLATION" source="#Head-Interpolations"/></sampler><channel source="#Head-Matrix-animation-transform" target="Head/matrix"/></animation></animation>
    <animation id="M_Hair_Jnt_0-anim" name="M_Hair_Jnt_0"><animation><source id="M_Hair_Jnt_0-Matrix-animation-input"><float_array id="M_Hair_Jnt_0-Matrix-animation-input-array" count="9">

0.041667 0.083333 0.125000 0.166667 0.208333 0.250000 0.291667 0.333333 0.375000</float_array><technique_common><accessor source="#M_Hair_Jnt_0-Matrix-animation-input-array" count="9"><param name="TIME" type="float"/></accessor></technique_common></source><source id="M_Hair_Jnt_0-Matrix-animation-output-transform"><float_array id="M_Hair_Jnt_0-Matrix-animation-output-transform-array" count="144">

-0.864716 0.501552 -0.026689 0.191574 0.487484 0.850882 0.195853 0.208364 0.120940 0.156347 -0.980270 -0.007597 0.000000 0.000000 0.000000 1.000000
-0.864684 0.501620 -0.026441 0.191574 0.487574 0.850802 0.195980 0.208364 0.120803 0.156569 -0.980251 -0.007597 0.000000 0.000000 0.000000 1.000000
-0.864616 0.501765 -0.025895 0.191574 0.487769 0.850626 0.196259 0.208364 0.120503 0.157058 -0.980210 -0.007597 0.000000 0.000000 0.000000 1.000000
-0.864549 0.501908 -0.025349 0.191574 0.487961 0.850451 0.196538 0.208364 0.120202 0.157547 -0.980169 -0.007597 0.000000 0.000000 0.000000 1.000000
-0.864520 0.501972 -0.025101 0.191574 0.488047 0.850372 0.196664 0.208364 0.120065 0.157770 -0.980150 -0.007597 0.000000 0.000000 0.000000 1.000000
-0.864549 0.501908 -0.025349 0.191574 0.487961 0.850451 0.196538 0.208364 0.120202 0.157547 -0.980169 -0.007597 0.000000 0.000000 0.000000 1.000000
-0.864616 0.501765 -0.025895 0.191574 0.487769 0.850626 0.196259 0.208364 0.120503 0.157058 -0.980210 -0.007597 0.000000 0.000000 0.000000 1.000000
-0.864684 0.501620 -0.026441 0.191574 0.487574 0.850802 0.195980 0.208364 0.120803 0.156569 -0.980251 -0.007597 0.000000 0.000000 0.000000 1.000000
-0.864716 0.501552 -0.026689 0.191574 0.487484 0.850882 0.195853 0.208364 0.120940 0.156347 -0.980270 -0.007597 0.000000 0.000000 0.000000 1.000000</float_array><technique_common><accessor source="#M_Hair_Jnt_0-Matrix-animation-output-transform-array" count="9" stride="16"><param type="float4x4"/></accessor></technique_common></source><source id="M_Hair_Jnt_0-Interpolations"><Name_array id="M_Hair_Jnt_0-Interpolations-array" count="9">
 LINEAR LINEAR LINEAR LINEAR LINEAR LINEAR LINEAR LINEAR LINEAR</Name_array><technique_common><accessor source="#M_Hair_Jnt_0-Interpolations-array" count="9"><param type="name"/></accessor></technique_common></source><sampler id="M_Hair_Jnt_0-Matrix-animation-transform"><input semantic="INPUT" source="#M_Hair_Jnt_0-Matrix-animation-input"/><input semantic="OUTPUT" source="#M_Hair_Jnt_0-Matrix-animation-output-transform"/><input semantic="INTERPOLATION" source="#M_Hair_Jnt_0-Interpolations"/></sampler><channel source="#M_Hair_Jnt_0-Matrix-animation-transform" target="M_Hair_Jnt_0/matrix"/></animation></animation>
    <animation id="M_Hair_Jnt_1-anim" name="M_Hair_Jnt_1"><animation><source id="M_Hair_Jnt_1-Matrix-animation-input"><float_array id="M_Hair_Jnt_1-Matrix-animation-input-array" count="9">

0.041667 0.083333 0.125000 0.166667 0.208333 0.250000 0.291667 0.333333 0.375000</float_array><technique_common><accessor source="#M_Hair_Jnt_1-Matrix-animation-input-array" count="9"><param name="TIME" type="float"/></accessor></technique_common></source><source id="M_Hair_Jnt_1-Matrix-animation-output-transform"><float_array id="M_Hair_Jnt_1-Matrix-animation-output-transform-array" count="144">

0.991842 0.127303 -0.006593 0.147208 -0.127389 0.991739 -0.015056 -0.000000 0.004622 0.015773 0.999865 -0.004321 0.000000 0.000000 0.000000 1.000000
0.991835 0.127358 -0.006591 0.147208 -0.127444 0.991732 -0.015048 0.000000 0.004620 0.015765 0.999865 -0.004321 0.000000 0.000000 0.000000 1.000000
0.991820 0.127478 -0.006586 0.147208 -0.127565 0.991716 -0.015032 -0.000000 0.004615 0.015749 0.999865 -0.004321 0.000000 0.000000 0.000000 1.000000
0.991804 0.127598 -0.006581 0.147208 -0.127684 0.991701 -0.015016 0.000000 0.004610 0.015733 0.999866 -0.004321 0.000000 0.000000 0.000000 1.000000
0.991797 0.127652 -0.006579 0.147208 -0.127738 0.991694 -0.015008 0.000000 0.004608 0.015726 0.999866 -0.004321 0.000000 0.000000 0.000000 1.000000
0.991804 0.127598 -0.006581 0.147208 -0.127684 0.991701 -0.015016 0.000000 0.004610 0.015733 0.999866 -0.004321 0.000000 0.000000 0.000000 1.000000
0.991820 0.127478 -0.006586 0.147208 -0.127565 0.991716 -0.015032 -0.000000 0.004615 0.015749 0.999865 -0.004321 0.000000 0.000000 0.000000 1.000000
0.991835 0.127358 -0.006591 0.147208 -0.127444 0.991732 -0.015048 0.000000 0.004620 0.015765 0.999865 -0.004321 0.000000 0.000000 0.000000 1.000000
0.991842 0.127303 -0.006593 0.147208 -0.127389 0.991739 -0.015056 -0.000000 0.004622 0.015773 0.999865 -0.004321 0.000000 0.000000 0.000000 1.000000</float_array><technique_common><accessor source="#M_Hair_Jnt_1-Matrix-animation-output-transform-array" count="9" stride="16"><param type="float4x4"/></accessor></technique_common></source><source id="M_Hair_Jnt_1-Interpolations"><Name_array id="M_Hair_Jnt_1-Interpolations-array" count="9">
 LINEAR LINEAR LINEAR LINEAR LINEAR LINEAR LINEAR LINEAR LINEAR</Name_array><technique_common><accessor source="#M_Hair_Jnt_1-Interpolations-array" count="9"><param type="name"/></accessor></technique_common></source><sampler id="M_Hair_Jnt_1-Matrix-animation-transform"><input semantic="INPUT" source="#M_Hair_Jnt_1-Matrix-animation-input"/><input semantic="OUTPUT" source="#M_Hair_Jnt_1-Matrix-animation-output-transform"/><input semantic="INTERPOLATION" source="#M_Hair_Jnt_1-Interpolations"/></sampler><channel source="#M_Hair_Jnt_1-Matrix-animation-transform" target="M_Hair_Jnt_1/matrix"/></animation></animation>
    <animation id="M_Hair_Jnt_2-anim" name="M_Hair_Jnt_2"><animation><source id="M_Hair_Jnt_2-Matrix-animation-input"><float_array id="M_Hair_Jnt_2-Matrix-animation-input-array" count="9">

0.041667 0.083333 0.125000 0.166667 0.208333 0.250000 0.291667 0.333333 0.375000</float_array><technique_common><accessor source="#M_Hair_Jnt_2-Matrix-animation-input-array" count="9"><param name="TIME" type="float"/></accessor></technique_common></source><source id="M_Hair_Jnt_2-Matrix-animation-output-transform"><float_array id="M_Hair_Jnt_2-Matrix-animation-output-transform-array" count="144">

0.949999 0.311828 0.016288 0.244749 -0.311690 0.950126 -0.010517 0.000000 -0.018755 0.004915 0.999812 -0.009540 0.000000 0.000000 0.000000 1.000000
0.949956 0.311960 0.016279 0.244749 -0.311822 0.950082 -0.010515 0.000000 -0.018746 0.004912 0.999812 -0.009540 0.000000 0.000000 0.000000 1.000000
0.949861 0.312249 0.016259 0.244749 -0.312111 0.949988 -0.010509 0.000000 -0.018727 0.004907 0.999813 -0.009540 0.000000 0.000000 0.000000 1.000000
0.949767 0.312536 0.016239 0.244749 -0.312397 0.949893 -0.010503 0.000000 -0.018708 0.004902 0.999813 -0.009540 0.000000 0.000000 0.000000 1.000000
0.949725 0.312665 0.016230 0.244749 -0.312527 0.949851 -0.010500 0.000000 -0.018699 0.004900 0.999813 -0.009540 0.000000 0.000000 0.000000 1.000000
0.949767 0.312536 0.016239 0.244749 -0.312397 0.949893 -0.010503 0.000000 -0.018708 0.004902 0.999813 -0.009540 0.000000 0.000000 0.000000 1.000000
0.949861 0.312249 0.016259 0.244749 -0.312111 0.949988 -0.010509 0.000000 -0.018727 0.004907 0.999813 -0.009540 0.000000 0.000000 0.000000 1.000000
0.949956 0.311960 0.016279 0.244749 -0.311822 0.950082 -0.010515 0.000000 -0.018746 0.004912 0.999812 -0.009540 0.000000 0.000000 0.000000 1.000000
0.949999 0.311828 0.016288 0.244749 -0.311690 0.950126 -0.010517 0.000000 -0.018755 0.004915 0.999812 -0.009540 0.000000 0.000000 0.000000 1.000000</float_array><technique_common><accessor source="#M_Hair_Jnt_2-Matrix-animation-output-transform-array" count="9" stride="16"><param type="float4x4"/></accessor></technique_common></source><source id="M_Hair_Jnt_2-Interpolations"><Name_array id="M_Hair_Jnt_2-Interpolations-array" count="9">
 LINEAR LINEAR LINEAR LINEAR LINEAR LINEAR LINEAR LINEAR LINEAR</Name_array><technique_common><accessor source="#M_Hair_Jnt_2-Interpolations-array" count="9"><param type="name"/></accessor></technique_common></source><sampler id="M_Hair_Jnt_2-Matrix-animation-transform"><input semantic="INPUT" source="#M_Hair_Jnt_2-Matrix-animation-input"/><input semantic="OUTPUT" source="#M_Hair_Jnt_2-Matrix-animation-output-transform"/><input semantic="INTERPOLATION" source="#M_Hair_Jnt_2-Interpolations"/></sampler><channel source="#M_Hair_Jnt_2-Matrix-animation-transform" target="M_Hair_Jnt_2/matrix"/></animation></animation>
    <animation id="M_Hair_Jnt_3-anim" name="M_Hair_Jnt_3"><animation><source id="M_Hair_Jnt_3-Matrix-animation-input"><float_array id="M_Hair_Jnt_3-Matrix-animation-input-array" count="9">

0.041667 0.083333 0.125000 0.166667 0.208333 0.250000 0.291667 0.333333 0.375000</float_array><technique_common><accessor source="#M_Hair_Jnt_3-Matrix-animation-input-array" count="9"><param name="TIME" type="float"/></accessor></technique_common></source><source id="M_Hair_Jnt_3-Matrix-animation-output-transform"><float_array id="M_Hair_Jnt_3-Matrix-animation-output-transform-array" count="144">

0.982267 0.187486 -0.000273 0.217920 -0.187487 0.982266 -0.001425 -0.000000 0.000001 0.001451 0.999999 0.000000 0.000000 0.000000 0.000000 1.000000
0.982252 0.187567 -0.000273 0.217920 -0.187568 0.982251 -0.001424 -0.000000 0.000001 0.001450 0.999999 -0.000000 0.000000 0.000000 0.000000 1.000000
0.982218 0.187745 -0.000273 0.217920 -0.187745 0.982217 -0.001423 -0.000000 0.000001 0.001449 0.999999 0.000000 0.000000 0.000000 0.000000 1.000000
0.982184 0.187921 -0.000273 0.217920 -0.187922 0.982183 -0.001421 -0.000000 0.000001 0.001447 0.999999 -0.000000 0.000000 0.000000 0.000000 1.000000
0.982169 0.188001 -0.000273 0.217920 -0.188001 0.982168 -0.001421 -0.000000 0.000001 0.001447 0.999999 -0.000000 0.000000 0.000000 0.000000 1.000000
0.982184 0.187921 -0.000273 0.217920 -0.187922 0.982183 -0.001421 -0.000000 0.000001 0.001447 0.999999 0.000000 0.000000 0.000000 0.000000 1.000000
0.982218 0.187745 -0.000273 0.217920 -0.187745 0.982217 -0.001423 -0.000000 0.000001 0.001449 0.999999 -0.000000 0.000000 0.000000 0.000000 1.000000
0.982252 0.187567 -0.000273 0.217920 -0.187568 0.982251 -0.001424 -0.000000 0.000001 0.001450 0.999999 -0.000000 0.000000 0.000000 0.000000 1.000000
0.982267 0.187486 -0.000273 0.217920 -0.187487 0.982266 -0.001425 -0.000000 0.000001 0.001451 0.999999 -0.000000 0.000000 0.000000 0.000000 1.000000</float_array><technique_common><accessor source="#M_Hair_Jnt_3-Matrix-animation-output-transform-array" count="9" stride="16"><param type="float4x4"/></accessor></technique_common></source><source id="M_Hair_Jnt_3-Interpolations"><Name_array id="M_Hair_Jnt_3-Interpolations-array" count="9">
 LINEAR LINEAR LINEAR LINEAR LINEAR LINEAR LINEAR LINEAR LINEAR</Name_array><technique_common><accessor source="#M_Hair_Jnt_3-Interpolations-array" count="9"><param type="name"/></accessor></technique_common></source><sampler id="M_Hair_Jnt_3-Matrix-animation-transform"><input semantic="INPUT" source="#M_Hair_Jnt_3-Matrix-animation-input"/><input semantic="OUTPUT" source="#M_Hair_Jnt_3-Matrix-animation-output-transform"/><input semantic="INTERPOLATION" source="#M_Hair_Jnt_3-Interpolations"/></sampler><channel source="#M_Hair_Jnt_3-Matrix-animation-transform" target="M_Hair_Jnt_3/matrix"/></animation></animation>
    <animation id="M_Har_Jnt_4-anim" name="M_Har_Jnt_4"><animation><source id="M_Har_Jnt_4-Matrix-animation-input"><float_array id="M_Har_Jnt_4-Matrix-animation-input-array" count="9">

0.041667 0.083333 0.125000 0.166667 0.208333 0.250000 0.291667 0.333333 0.375000</float_array><technique_common><accessor source="#M_Har_Jnt_4-Matrix-animation-input-array" count="9"><param name="TIME" type="float"/></accessor></technique_common></source><source id="M_Har_Jnt_4-Matrix-animation-output-transform"><float_array id="M_Har_Jnt_4-Matrix-animation-output-transform-array" count="144">

0.990675 -0.133608 0.026698 0.170737 -0.133723 -0.991016 0.002545 0.000000 0.026118 -0.006091 -0.999640 -0.000000 0.000000 0.000000 0.000000 1.000000
0.990667 -0.133666 0.026686 0.170737 -0.133781 -0.991008 0.002542 0.000000 0.026106 -0.006088 -0.999641 -0.000000 0.000000 0.000000 0.000000 1.000000
0.990651 -0.133794 0.026658 0.170737 -0.133908 -0.990991 0.002536 0.000000 0.026079 -0.006082 -0.999641 0.000000 0.000000 0.000000 0.000000 1.000000
0.990634 -0.133920 0.026631 0.170737 -0.134034 -0.990974 0.002530 0.000000 0.026052 -0.006075 -0.999642 -0.000000 0.000000 0.000000 0.000000 1.000000
0.990627 -0.133977 0.026619 0.170737 -0.134091 -0.990966 0.002527 0.000000 0.026040 -0.006073 -0.999642 -0.000000 0.000000 0.000000 0.000000 1.000000
0.990634 -0.133920 0.026631 0.170737 -0.134034 -0.990974 0.002530 0.000000 0.026052 -0.006075 -0.999642 0.000000 0.000000 0.000000 0.000000 1.000000
0.990651 -0.133794 0.026658 0.170737 -0.133908 -0.990991 0.002536 0.000000 0.026079 -0.006082 -0.999641 0.000000 0.000000 0.000000 0.000000 1.000000
0.990667 -0.133666 0.026686 0.170737 -0.133781 -0.991008 0.002542 0.000000 0.026106 -0.006088 -0.999641 -0.000000 0.000000 0.000000 0.000000 1.000000
0.990675 -0.133608 0.026698 0.170737 -0.133723 -0.991016 0.002545 0.000000 0.026118 -0.006091 -0.999640 0.000000 0.000000 0.000000 0.000000 1.000000</float_array><technique_common><accessor source="#M_Har_Jnt_4-Matrix-animation-output-transform-array" count="9" stride="16"><param type="float4x4"/></accessor></technique_common></source><source id="M_Har_Jnt_4-Interpolations"><Name_array id="M_Har_Jnt_4-Interpolations-array" count="9">
 LINEAR LINEAR LINEAR LINEAR LINEAR LINEAR LINEAR LINEAR LINEAR</Name_array><technique_common><accessor source="#M_Har_Jnt_4-Interpolations-array" count="9"><param type="name"/></accessor></technique_common></source><sampler id="M_Har_Jnt_4-Matrix-animation-transform"><input semantic="INPUT" source="#M_Har_Jnt_4-Matrix-animation-input"/><input semantic="OUTPUT" source="#M_Har_Jnt_4-Matrix-animation-output-transform"/><input semantic="INTERPOLATION" source="#M_Har_Jnt_4-Interpolations"/></sampler><channel source="#M_Har_Jnt_4-Matrix-animation-transform" target="M_Har_Jnt_4/matrix"/></animation></animation>
    <animation id="M_Hair_Jnt_5-anim" name="M_Hair_Jnt_5"><animation><source id="M_Hair_Jnt_5-Matrix-animation-input"><float_array id="M_Hair_Jnt_5-Matrix-animation-input-array" count="9">

0.041667 0.083333 0.125000 0.166667 0.208333 0.250000 0.291667 0.333333 0.375000</float_array><technique_common><accessor source="#M_Hair_Jnt_5-Matrix-animation-input-array" count="9"><param name="TIME" type="float"/></accessor></technique_common></source><source id="M_Hair_Jnt_5-Matrix-animation-output-transform"><float_array id="M_Hair_Jnt_5-Matrix-animation-output-transform-array" count="144">

0.996857 -0.079186 0.002491 0.195168 0.079205 0.996820 -0.008736 -0.000000 -0.001792 0.008906 0.999959 0.010600 0.000000 0.000000 0.000000 1.000000
0.996854 -0.079220 0.002491 0.195168 0.079239 0.996817 -0.008732 -0.000000 -0.001791 0.008902 0.999959 0.010600 0.000000 0.000000 0.000000 1.000000
0.996848 -0.079295 0.002489 0.195168 0.079313 0.996812 -0.008723 -0.000000 -0.001789 0.008893 0.999959 0.010600 0.000000 0.000000 0.000000 1.000000
0.996842 -0.079369 0.002487 0.195168 0.079387 0.996806 -0.008714 -0.000000 -0.001787 0.008884 0.999959 0.010600 0.000000 0.000000 0.000000 1.000000
0.996840 -0.079402 0.002486 0.195168 0.079421 0.996803 -0.008710 -0.000000 -0.001786 0.008879 0.999959 0.010600 0.000000 0.000000 0.000000 1.000000
0.996842 -0.079369 0.002487 0.195168 0.079387 0.996806 -0.008714 -0.000000 -0.001787 0.008884 0.999959 0.010600 0.000000 0.000000 0.000000 1.000000
0.996848 -0.079295 0.002489 0.195168 0.079313 0.996812 -0.008723 -0.000000 -0.001789 0.008893 0.999959 0.010600 0.000000 0.000000 0.000000 1.000000
0.996854 -0.079220 0.002491 0.195168 0.079239 0.996817 -0.008732 0.000000 -0.001791 0.008902 0.999959 0.010600 0.000000 0.000000 0.000000 1.000000
0.996857 -0.079186 0.002491 0.195168 0.079205 0.996820 -0.008736 -0.000000 -0.001792 0.008906 0.999959 0.010600 0.000000 0.000000 0.000000 1.000000</float_array><technique_common><accessor source="#M_Hair_Jnt_5-Matrix-animation-output-transform-array" count="9" stride="16"><param type="float4x4"/></accessor></technique_common></source><source id="M_Hair_Jnt_5-Interpolations"><Name_array id="M_Hair_Jnt_5-Interpolations-array" count="9">
 LINEAR LINEAR LINEAR LINEAR LINEAR LINEAR LINEAR LINEAR LINEAR</Name_array><technique_common><accessor source="#M_Hair_Jnt_5-Interpolations-array" count="9"><param type="name"/></accessor></technique_common></source><sampler id="M_Hair_Jnt_5-Matrix-animation-transform"><input semantic="INPUT" source="#M_Hair_Jnt_5-Matrix-animation-input"/><input semantic="OUTPUT" source="#M_Hair_Jnt_5-Matrix-animation-output-transform"/><input semantic="INTERPOLATION" source="#M_Hair_Jnt_5-Interpolations"/></sampler><channel source="#M_Hair_Jnt_5-Matrix-animation-transform" target="M_Hair_Jnt_5/matrix"/></animation></animation>
    <animation id="M_Hair_Jnt_6-anim" name="M_Hair_Jnt_6"><animation><source id="M_Hair_Jnt_6-Matrix-animation-input"><float_array id="M_Hair_Jnt_6-Matrix-animation-input-array" count="9">

0.041667 0.083333 0.125000 0.166667 0.208333 0.250000 0.291667 0.333333 0.375000</float_array><technique_common><accessor source="#M_Hair_Jnt_6-Matrix-animation-input-array" count="9"><param name="TIME" type="float"/></accessor></technique_common></source><source id="M_Hair_Jnt_6-Matrix-animation-output-transform"><float_array id="M_Hair_Jnt_6-Matrix-animation-output-transform-array" count="144">

0.977080 -0.212568 -0.011390 0.200854 -0.212674 -0.977080 -0.009131 0.000000 -0.009188 0.011344 -0.999893 0.011660 0.000000 0.000000 0.000000 1.000000
0.977060 -0.212659 -0.011386 0.200854 -0.212765 -0.977061 -0.009125 0.000000 -0.009184 0.011338 -0.999894 0.011660 0.000000 0.000000 0.000000 1.000000
0.977017 -0.212858 -0.011376 0.200854 -0.212964 -0.977017 -0.009114 0.000000 -0.009175 0.011327 -0.999894 0.011660 0.000000 0.000000 0.000000 1.000000
0.976974 -0.213056 -0.011366 0.200854 -0.213162 -0.976975 -0.009102 0.000000 -0.009165 0.011315 -0.999894 0.011660 0.000000 0.000000 0.000000 1.000000
0.976954 -0.213145 -0.011362 0.200854 -0.213251 -0.976955 -0.009097 0.000000 -0.009161 0.011310 -0.999894 0.011660 0.000000 0.000000 0.000000 1.000000
0.976974 -0.213056 -0.011366 0.200854 -0.213162 -0.976975 -0.009102 0.000000 -0.009165 0.011315 -0.999894 0.011660 0.000000 0.000000 0.000000 1.000000
0.977017 -0.212858 -0.011376 0.200854 -0.212964 -0.977017 -0.009114 0.000000 -0.009175 0.011327 -0.999894 0.011660 0.000000 0.000000 0.000000 1.000000
0.977060 -0.212659 -0.011386 0.200854 -0.212765 -0.977061 -0.009125 0.000000 -0.009184 0.011338 -0.999894 0.011660 0.000000 0.000000 0.000000 1.000000
0.977080 -0.212568 -0.011390 0.200854 -0.212674 -0.977080 -0.009131 0.000000 -0.009188 0.011344 -0.999893 0.011660 0.000000 0.000000 0.000000 1.000000</float_array><technique_common><accessor source="#M_Hair_Jnt_6-Matrix-animation-output-transform-array" count="9" stride="16"><param type="float4x4"/></accessor></technique_common></source><source id="M_Hair_Jnt_6-Interpolations"><Name_array id="M_Hair_Jnt_6-Interpolations-array" count="9">
 LINEAR LINEAR LINEAR LINEAR LINEAR LINEAR LINEAR LINEAR LINEAR</Name_array><technique_common><accessor source="#M_Hair_Jnt_6-Interpolations-array" count="9"><param type="name"/></accessor></technique_common></source><sampler id="M_Hair_Jnt_6-Matrix-animation-transform"><input semantic="INPUT" source="#M_Hair_Jnt_6-Matrix-animation-input"/><input semantic="OUTPUT" source="#M_Hair_Jnt_6-Matrix-animation-output-transform"/><input semantic="INTERPOLATION" source="#M_Hair_Jnt_6-Interpolations"/></sampler><channel source="#M_Hair_Jnt_6-Matrix-animation-transform" target="M_Hair_Jnt_6/matrix"/></animation></animation>
    <animation id="M_Hair_Jnt_7-anim" name="M_Hair_Jnt_7"><animation><source id="M_Hair_Jnt_7-Matrix-animation-input"><float_array id="M_Hair_Jnt_7-Matrix-animation-input-array" count="9">

0.041667 0.083333 0.125000 0.166667 0.208333 0.250000 0.291667 0.333333 0.375000</float_array><technique_common><accessor source="#M_Hair_Jnt_7-Matrix-animation-input-array" count="9"><param name="TIME" type="float"/></accessor></technique_common></source><source id="M_Hair_Jnt_7-Matrix-animation-output-transform"><float_array id="M_Hair_Jnt_7-Matrix-animation-output-transform-array" count="144">

0.983001 -0.183493 0.006205 0.246933 0.183414 0.982968 0.011553 0.000000 -0.008219 -0.010219 0.999914 -0.019079 0.000000 0.000000 0.000000 1.000000
0.982987 -0.183572 0.006201 0.246933 0.183493 0.982953 0.011548 0.000000 -0.008215 -0.010214 0.999914 -0.019079 0.000000 0.000000 0.000000 1.000000
0.982954 -0.183745 0.006193 0.246933 0.183666 0.982921 0.011538 0.000000 -0.008207 -0.010203 0.999914 -0.019079 0.000000 0.000000 0.000000 1.000000
0.982923 -0.183916 0.006184 0.246933 0.183837 0.982889 0.011527 0.000000 -0.008198 -0.010193 0.999914 -0.019079 0.000000 0.000000 0.000000 1.000000
0.982908 -0.183993 0.006181 0.246933 0.183915 0.982875 0.011522 0.000000 -0.008195 -0.010188 0.999915 -0.019079 0.000000 0.000000 0.000000 1.000000
0.982923 -0.183916 0.006184 0.246933 0.183837 0.982889 0.011527 0.000000 -0.008198 -0.010193 0.999914 -0.019079 0.000000 0.000000 0.000000 1.000000
0.982954 -0.183745 0.006193 0.246933 0.183666 0.982921 0.011538 0.000000 -0.008207 -0.010203 0.999914 -0.019079 0.000000 0.000000 0.000000 1.000000
0.982987 -0.183572 0.006201 0.246933 0.183493 0.982953 0.011548 0.000000 -0.008215 -0.010214 0.999914 -0.019079 0.000000 0.000000 0.000000 1.000000
0.983001 -0.183493 0.006205 0.246933 0.183414 0.982968 0.011553 0.000000 -0.008219 -0.010219 0.999914 -0.019079 0.000000 0.000000 0.000000 1.000000</float_array><technique_common><accessor source="#M_Hair_Jnt_7-Matrix-animation-output-transform-array" count="9" stride="16"><param type="float4x4"/></accessor></technique_common></source><source id="M_Hair_Jnt_7-Interpolations"><Name_array id="M_Hair_Jnt_7-Interpolations-array" count="9">
 LINEAR LINEAR LINEAR LINEAR LINEAR LINEAR LINEAR LINEAR LINEAR</Name_array><technique_common><accessor source="#M_Hair_Jnt_7-Interpolations-array" count="9"><param type="name"/></accessor></technique_common></source><sampler id="M_Hair_Jnt_7-Matrix-animation-transform"><input semantic="INPUT" source="#M_Hair_Jnt_7-Matrix-animation-input"/><input semantic="OUTPUT" source="#M_Hair_Jnt_7-Matrix-animation-output-transform"/><input semantic="INTERPOLATION" source="#M_Hair_Jnt_7-Interpolations"/></sampler><channel source="#M_Hair_Jnt_7-Matrix-animation-transform" target="M_Hair_Jnt_7/matrix"/></animation></animation>
    <animation id="M_Hair_Jnt_8-anim" name="M_Hair_Jnt_8"><animation><source id="M_Hair_Jnt_8-Matrix-animation-input"><float_array id="M_Hair_Jnt_8-Matrix-animation-input-array" count="9">

0.041667 0.083333 0.125000 0.166667 0.208333 0.250000 0.291667 0.333333 0.375000</float_array><technique_common><accessor source="#M_Hair_Jnt_8-Matrix-animation-input-array" count="9"><param name="TIME" type="float"/></accessor></technique_common></source><source id="M_Hair_Jnt_8-Matrix-animation-output-transform"><float_array id="M_Hair_Jnt_8-Matrix-animation-output-transform-array" count="144">

0.000000 -0.894427 -0.447214 0.423267 -0.000000 0.447214 -0.894427 0.000000 1.000000 0.000000 0.000000 -0.025439 0.000000 0.000000 0.000000 1.000000
0.000000 -0.894427 -0.447214 0.423267 0.000000 0.447214 -0.894427 0.000000 1.000000 0.000000 0.000000 -0.025439 0.000000 0.000000 0.000000 1.000000
0.000000 -0.894427 -0.447214 0.423267 0.000000 0.447214 -0.894427 0.000000 1.000000 0.000000 0.000000 -0.025439 0.000000 0.000000 0.000000 1.000000
0.000000 -0.894427 -0.447214 0.423267 0.000000 0.447214 -0.894427 -0.000000 1.000000 0.000000 0.000000 -0.025439 0.000000 0.000000 0.000000 1.000000
0.000000 -0.894427 -0.447214 0.423267 0.000000 0.447214 -0.894427 0.000000 1.000000 0.000000 0.000000 -0.025439 0.000000 0.000000 0.000000 1.000000
0.000000 -0.894427 -0.447214 0.423267 0.000000 0.447214 -0.894427 0.000000 1.000000 0.000000 0.000000 -0.025439 0.000000 0.000000 0.000000 1.000000
0.000000 -0.894427 -0.447214 0.423267 0.000000 0.447214 -0.894427 0.000000 1.000000 0.000000 0.000000 -0.025439 0.000000 0.000000 0.000000 1.000000
0.000000 -0.894427 -0.447214 0.423267 0.000000 0.447214 -0.894427 -0.000000 1.000000 0.000000 0.000000 -0.025439 0.000000 0.000000 0.000000 1.000000
0.000000 -0.894427 -0.447214 0.423267 0.000000 0.447214 -0.894427 -0.000000 1.000000 0.000000 0.000000 -0.025439 0.000000 0.000000 0.000000 1.000000</float_array><technique_common><accessor source="#M_Hair_Jnt_8-Matrix-animation-output-transform-array" count="9" stride="16"><param type="float4x4"/></accessor></technique_common></source><source id="M_Hair_Jnt_8-Interpolations"><Name_array id="M_Hair_Jnt_8-Interpolations-array" count="9">
 LINEAR LINEAR LINEAR LINEAR LINEAR LINEAR LINEAR LINEAR LINEAR</Name_array><technique_common><accessor source="#M_Hair_Jnt_8-Interpolations-array" count="9"><param type="name"/></accessor></technique_common></source><sampler id="M_Hair_Jnt_8-Matrix-animation-transform"><input semantic="INPUT" source="#M_Hair_Jnt_8-Matrix-animation-input"/><input semantic="OUTPUT" source="#M_Hair_Jnt_8-Matrix-animation-output-transform"/><input semantic="INTERPOLATION" source="#M_Hair_Jnt_8-Interpolations"/></sampler><channel source="#M_Hair_Jnt_8-Matrix-animation-transform" target="M_Hair_Jnt_8/matrix"/></animation></animation>
    <animation id="L_Hair_Jnt_0-anim" name="L_Hair_Jnt_0"><animation><source id="L_Hair_Jnt_0-Matrix-animation-input"><float_array id="L_Hair_Jnt_0-Matrix-animation-input-array" count="9">

