<?xml version="1.0" encoding="utf-8"?>
<COLLADA xmlns="http://www.collada.org/2005/11/COLLADASchema" version="1.4.1">
  <asset><contributor><author></author><authoring_tool>FBX COLLADA exporter</authoring_tool><comments></comments></contributor><created>2013-09-05T08:43:19Z</created><keywords></keywords><modified>2013-09-05T08:43:19Z</modified><revision></revision><subject></subject><title></title><unit meter="0.010000" name="centimeter"></unit><up_axis>Y_UP</up_axis></asset>
  <library_animations>
    <animation id="Pelvis-anim" name="Pelvis"><animation><source id="Pelvis-Matrix-animation-input"><float_array id="Pelvis-Matrix-animation-input-array" count="20">

0.000000 0.083333 0.166667 0.250000 0.333333 0.416667 0.500000 0.583333 0.666667 0.750000 0.833333 0.916667 1.000000 1.083333 1.166667 1.250000
1.333333 1.416667 1.500000 1.583333</float_array><technique_common><accessor source="#Pelvis-Matrix-animation-input-array" count="20"><param name="TIME" type="float"/></accessor></technique_common></source><source id="Pelvis-Matrix-animation-output-transform"><float_array id="Pelvis-Matrix-animation-output-transform-array" count="320">

0.999953 -0.006606 -0.007081 0.000000 0.006076 0.997350 -0.072503 2.300447 0.007542 0.072456 0.997343 -0.084193 0.000000 0.000000 0.000000 1.000000
0.999953 -0.006606 -0.007081 0.000000 0.006076 0.997350 -0.072503 2.300447 0.007542 0.072456 0.997343 -0.084193 0.000000 0.000000 0.000000 1.000000
0.999953 -0.006606 -0.007081 0.000000 0.006076 0.997350 -0.072503 2.300447 0.007542 0.072456 0.997343 -0.084193 0.000000 0.000000 0.000000 1.000000
0.999953 -0.006606 -0.007081 0.000000 0.006076 0.997350 -0.072503 2.300447 0.007542 0.072456 0.997343 -0.084193 0.000000 0.000000 0.000000 1.000000
0.999953 -0.006606 -0.007081 0.000000 0.006076 0.997350 -0.072503 2.300447 0.007542 0.072456 0.997343 -0.084193 0.000000 0.000000 0.000000 1.000000
0.999953 -0.006606 -0.007081 0.000000 0.006076 0.997350 -0.072503 2.300447 0.007542 0.072456 0.997343 -0.084193 0.000000 0.000000 0.000000 1.000000
0.999953 -0.006606 -0.007081 0.000000 0.006076 0.997350 -0.072503 2.300447 0.007542 0.072456 0.997343 -0.084193 0.000000 0.000000 0.000000 1.000000
0.999953 -0.006606 -0.007081 0.000000 0.006076 0.997350 -0.072503 2.300447 0.007542 0.072456 0.997343 -0.084193 0.000000 0.000000 0.000000 1.000000
0.999953 -0.006606 -0.007081 0.000000 0.006076 0.997350 -0.072503 2.300447 0.007542 0.072456 0.997343 -0.084193 0.000000 0.000000 0.000000 1.000000
0.999953 -0.006606 -0.007081 0.000000 0.006076 0.997350 -0.072503 2.300447 0.007542 0.072456 0.997343 -0.084193 0.000000 0.000000 0.000000 1.000000
0.999953 -0.006606 -0.007081 0.000000 0.006076 0.997350 -0.072503 2.300447 0.007542 0.072456 0.997343 -0.084193 0.000000 0.000000 0.000000 1.000000
0.999953 -0.006606 -0.007081 0.000000 0.006076 0.997350 -0.072503 2.300447 0.007542 0.072456 0.997343 -0.084193 0.000000 0.000000 0.000000 1.000000
0.999953 -0.006606 -0.007081 0.000000 0.006076 0.997350 -0.072503 2.300447 0.007542 0.072456 0.997343 -0.084193 0.000000 0.000000 0.000000 1.000000
0.999953 -0.006606 -0.007081 0.000000 0.006076 0.997350 -0.072503 2.300447 0.007542 0.072456 0.997343 -0.084193 0.000000 0.000000 0.000000 1.000000
0.999953 -0.006606 -0.007081 0.000000 0.006076 0.997350 -0.072503 2.300447 0.007542 0.072456 0.997343 -0.084193 0.000000 0.000000 0.000000 1.000000
0.999953 -0.006606 -0.007081 0.000000 0.006076 0.997350 -0.072503 2.300447 0.007542 0.072456 0.997343 -0.084193 0.000000 0.000000 0.000000 1.000000
0.999953 -0.006606 -0.007081 0.000000 0.006076 0.997350 -0.072503 2.300447 0.007542 0.072456 0.997343 -0.084193 0.000000 0.000000 0.000000 1.000000
0.999953 -0.006606 -0.007081 0.000000 0.006076 0.997350 -0.072503 2.300447 0.007542 0.072456 0.997343 -0.084193 0.000000 0.000000 0.000000 1.000000
0.999953 -0.006606 -0.007081 0.000000 0.006076 0.997350 -0.072503 2.300447 0.007542 0.072456 0.997343 -0.084193 0.000000 0.000000 0.000000 1.000000
0.999953 -0.006606 -0.007081 0.000000 0.006076 0.997350 -0.072503 2.300447 0.007542 0.072456 0.997343 -0.084193 0.000000 0.000000 0.000000 1.000000</float_array><technique_common><accessor source="#Pelvis-Matrix-animation-output-transform-array" count="20" stride="16"><param type="float4x4"/></accessor></technique_common></source><source id="Pelvis-Interpolations"><Name_array id="Pelvis-Interpolations-array" count="20">
 LINEAR LINEAR LINEAR LINEAR LINEAR LINEAR LINEAR LINEAR LINEAR LINEAR LINEAR
LINEAR LINEAR LINEAR LINEAR LINEAR LINEAR LINEAR LINEAR LINEAR</Name_array><technique_common><accessor source="#Pelvis-Interpolations-array" count="20"><param type="name"/></accessor></technique_common></source><sampler id="Pelvis-Matrix-animation-transform"><input semantic="INPUT" source="#Pelvis-Matrix-animation-input"/><input semantic="OUTPUT" source="#Pelvis-Matrix-animation-output-transform"/><input semantic="INTERPOLATION" source="#Pelvis-Interpolations"/></sampler><channel source="#Pelvis-Matrix-animation-transform" target="Pelvis/matrix"/></animation></animation>
    <animation id="Spine_01-anim" name="Spine_01"><animation><source id="Spine_01-Matrix-animation-input"><float_array id="Spine_01-Matrix-animation-input-array" count="20">

0.000000 0.083333 0.166667 0.250000 0.333333 0.416667 0.500000 0.583333 0.666667 0.750000 0.833333 0.916667 1.000000 1.083333 1.166667 1.250000
1.333333 1.416667 1.500000 1.583333</float_array><technique_common><accessor source="#Spine_01-Matrix-animation-input-array" count="20"><param name="TIME" type="float"/></accessor></technique_common></source><source id="Spine_01-Matrix-animation-output-transform"><float_array id="Spine_01-Matrix-animation-output-transform-array" count="320">

0.000000 -0.000000 1.000000 -0.000000 0.997390 0.072196 -0.000000 0.211260 -0.072196 0.997390 0.000000 0.059226 0.000000 0.000000 0.000000 1.000000
0.000000 -0.000000 1.000000 -0.000000 0.997390 0.072196 -0.000000 0.211260 -0.072196 0.997390 0.000000 0.059226 0.000000 0.000000 0.000000 1.000000
0.000000 -0.000000 1.000000 -0.000000 0.997390 0.072196 -0.000000 0.211260 -0.072196 0.997390 0.000000 0.059226 0.000000 0.000000 0.000000 1.000000
0.000000 -0.000000 1.000000 -0.000000 0.997390 0.072196 -0.000000 0.211260 -0.072196 0.997390 0.000000 0.059226 0.000000 0.000000 0.000000 1.000000
0.000000 -0.000000 1.000000 -0.000000 0.997390 0.072196 -0.000000 0.211260 -0.072196 0.997390 0.000000 0.059226 0.000000 0.000000 0.000000 1.000000
0.000000 -0.000000 1.000000 -0.000000 0.997390 0.072196 -0.000000 0.211260 -0.072196 0.997390 0.000000 0.059226 0.000000 0.000000 0.000000 1.000000
0.000000 -0.000000 1.000000 -0.000000 0.997390 0.072196 -0.000000 0.211260 -0.072196 0.997390 0.000000 0.059226 0.000000 0.000000 0.000000 1.000000
0.000000 -0.000000 1.000000 -0.000000 0.997390 0.072196 -0.000000 0.211260 -0.072196 0.997390 0.000000 0.059226 0.000000 0.000000 0.000000 1.000000
0.000000 -0.000000 1.000000 -0.000000 0.997390 0.072196 -0.000000 0.211260 -0.072196 0.997390 0.000000 0.059226 0.000000 0.000000 0.000000 1.000000
0.000000 -0.000000 1.000000 -0.000000 0.997390 0.072196 -0.000000 0.211260 -0.072196 0.997390 0.000000 0.059226 0.000000 0.000000 0.000000 1.000000
0.000000 -0.000000 1.000000 -0.000000 0.997390 0.072196 -0.000000 0.211260 -0.072196 0.997390 0.000000 0.059226 0.000000 0.000000 0.000000 1.000000
0.000000 -0.000000 1.000000 -0.000000 0.997390 0.072196 -0.000000 0.211260 -0.072196 0.997390 0.000000 0.059226 0.000000 0.000000 0.000000 1.000000
0.000000 -0.000000 1.000000 -0.000000 0.997390 0.072196 -0.000000 0.211260 -0.072196 0.997390 0.000000 0.059226 0.000000 0.000000 0.000000 1.000000
0.000000 -0.000000 1.000000 -0.000000 0.997390 0.072196 -0.000000 0.211260 -0.072196 0.997390 0.000000 0.059226 0.000000 0.000000 0.000000 1.000000
0.000000 -0.000000 1.000000 -0.000000 0.997390 0.072196 -0.000000 0.211260 -0.072196 0.997390 0.000000 0.059226 0.000000 0.000000 0.000000 1.000000
0.000000 -0.000000 1.000000 -0.000000 0.997390 0.072196 -0.000000 0.211260 -0.072196 0.997390 0.000000 0.059226 0.000000 0.000000 0.000000 1.000000
0.000000 -0.000000 1.000000 -0.000000 0.997390 0.072196 -0.000000 0.211260 -0.072196 0.997390 0.000000 0.059226 0.000000 0.000000 0.000000 1.000000
0.000000 -0.000000 1.000000 -0.000000 0.997390 0.072196 -0.000000 0.211260 -0.072196 0.997390 0.000000 0.059226 0.000000 0.000000 0.000000 1.000000
0.000000 -0.000000 1.000000 -0.000000 0.997390 0.072196 -0.000000 0.211260 -0.072196 0.997390 0.000000 0.059226 0.000000 0.000000 0.000000 1.000000
0.000000 -0.000000 1.000000 -0.000000 0.997390 0.072196 -0.000000 0.211260 -0.072196 0.997390 0.000000 0.059226 0.000000 0.000000 0.000000 1.000000</float_array><technique_common><accessor source="#Spine_01-Matrix-animation-output-transform-array" count="20" stride="16"><param type="float4x4"/></accessor></technique_common></source><source id="Spine_01-Interpolations"><Name_array id="Spine_01-Interpolations-array" count="20">
 LINEAR LINEAR LINEAR LINEAR LINEAR LINEAR LINEAR LINEAR LINEAR LINEAR LINEAR
LINEAR LINEAR LINEAR LINEAR LINEAR LINEAR LINEAR LINEAR LINEAR</Name_array><technique_common><accessor source="#Spine_01-Interpolations-array" count="20"><param type="name"/></accessor></technique_common></source><sampler id="Spine_01-Matrix-animation-transform"><input semantic="INPUT" source="#Spine_01-Matrix-animation-input"/><input semantic="OUTPUT" source="#Spine_01-Matrix-animation-output-transform"/><input semantic="INTERPOLATION" source="#Spine_01-Interpolations"/></sampler><channel source="#Spine_01-Matrix-animation-transform" target="Spine_01/matrix"/></animation></animation>
    <animation id="Spine_02-anim" name="Spine_02"><animation><source id="Spine_02-Matrix-animation-input"><float_array id="Spine_02-Matrix-animation-input-array" count="20">

0.000000 0.083333 0.166667 0.250000 0.333333 0.416667 0.500000 0.583333 0.666667 0.750000 0.833333 0.916667 1.000000 1.083333 1.166667 1.250000
1.333333 1.416667 1.500000 1.583333</float_array><technique_common><accessor source="#Spine_02-Matrix-animation-input-array" count="20"><param name="TIME" type="float"/></accessor></technique_common></source><source id="Spine_02-Matrix-animation-output-transform"><float_array id="Spine_02-Matrix-animation-output-transform-array" count="320">

0.983226 0.182392 0.000000 0.204170 -0.182392 0.983226 0.000000 -0.000000 -0.000000 -0.000000 1.000000 -0.000000 0.000000 0.000000 0.000000 1.000000
0.983150 0.182802 0.000000 0.204170 -0.182802 0.983150 0.000000 -0.000000 -0.000000 -0.000000 1.000000 -0.000000 0.000000 0.000000 0.000000 1.000000
0.982619 0.185636 -0.000000 0.204170 -0.185636 0.982619 0.000000 -0.000000 0.000000 -0.000000 1.000000 -0.000000 0.000000 0.000000 0.000000 1.000000
0.981753 0.190160 -0.000000 0.204170 -0.190160 0.981753 0.000000 -0.000000 0.000000 -0.000000 1.000000 -0.000000 0.000000 0.000000 0.000000 1.000000
0.980766 0.195185 0.000000 0.204170 -0.195185 0.980766 0.000000 -0.000000 -0.000000 -0.000000 1.000000 -0.000000 0.000000 0.000000 0.000000 1.000000
0.979893 0.199524 0.000000 0.204170 -0.199524 0.979893 0.000000 -0.000000 -0.000000 -0.000000 1.000000 -0.000000 0.000000 0.000000 0.000000 1.000000
0.979053 0.203605 0.000000 0.204170 -0.203605 0.979053 0.000000 -0.000000 -0.000000 -0.000000 1.000000 -0.000000 0.000000 0.000000 0.000000 1.000000
0.978102 0.208128 0.000000 0.204170 -0.208128 0.978102 0.000000 -0.000000 -0.000000 -0.000000 1.000000 -0.000000 0.000000 0.000000 0.000000 1.000000
0.977201 0.212317 0.000000 0.204170 -0.212317 0.977201 0.000000 -0.000000 -0.000000 -0.000000 1.000000 -0.000000 0.000000 0.000000 0.000000 1.000000
0.976527 0.215397 -0.000000 0.204170 -0.215397 0.976527 0.000000 -0.000000 0.000000 -0.000000 1.000000 -0.000000 0.000000 0.000000 0.000000 1.000000
0.976262 0.216595 0.000000 0.204170 -0.216595 0.976262 0.000000 -0.000000 -0.000000 -0.000000 1.000000 -0.000000 0.000000 0.000000 0.000000 1.000000
0.976473 0.215641 0.000000 0.204170 -0.215641 0.976473 0.000000 -0.000000 -0.000000 -0.000000 1.000000 -0.000000 0.000000 0.000000 0.000000 1.000000
0.977041 0.213049 0.000000 0.204170 -0.213049 0.977041 0.000000 -0.000000 -0.000000 -0.000000 1.000000 -0.000000 0.000000 0.000000 0.000000 1.000000
0.977867 0.209228 0.000000 0.204170 -0.209228 0.977867 0.000000 -0.000000 -0.000000 -0.000000 1.000000 -0.000000 0.000000 0.000000 0.000000 1.000000
0.978849 0.204583 0.000000 0.204170 -0.204583 0.978849 0.000000 -0.000000 -0.000000 -0.000000 1.000000 -0.000000 0.000000 0.000000 0.000000 1.000000
0.979893 0.199524 -0.000000 0.204170 -0.199524 0.979893 0.000000 -0.000000 0.000000 -0.000000 1.000000 -0.000000 0.000000 0.000000 0.000000 1.000000
0.980911 0.194459 0.000000 0.204170 -0.194459 0.980911 0.000000 -0.000000 -0.000000 -0.000000 1.000000 -0.000000 0.000000 0.000000 0.000000 1.000000
0.981823 0.189800 -0.000000 0.204170 -0.189800 0.981823 0.000000 -0.000000 0.000000 -0.000000 1.000000 -0.000000 0.000000 0.000000 0.000000 1.000000
0.982557 0.185960 0.000000 0.204170 -0.185960 0.982557 0.000000 -0.000000 -0.000000 -0.000000 1.000000 -0.000000 0.000000 0.000000 0.000000 1.000000
0.983047 0.183353 -0.000000 0.204170 -0.183353 0.983047 0.000000 -0.000000 0.000000 -0.000000 1.000000 -0.000000 0.000000 0.000000 0.000000 1.000000</float_array><technique_common><accessor source="#Spine_02-Matrix-animation-output-transform-array" count="20" stride="16"><param type="float4x4"/></accessor></technique_common></source><source id="Spine_02-Interpolations"><Name_array id="Spine_02-Interpolations-array" count="20">
 LINEAR LINEAR LINEAR LINEAR LINEAR LINEAR LINEAR LINEAR LINEAR LINEAR LINEAR
LINEAR LINEAR LINEAR LINEAR LINEAR LINEAR LINEAR LINEAR LINEAR</Name_array><technique_common><accessor source="#Spine_02-Interpolations-array" count="20"><param type="name"/></accessor></technique_common></source><sampler id="Spine_02-Matrix-animation-transform"><input semantic="INPUT" source="#Spine_02-Matrix-animation-input"/><input semantic="OUTPUT" source="#Spine_02-Matrix-animation-output-transform"/><input semantic="INTERPOLATION" source="#Spine_02-Interpolations"/></sampler><channel source="#Spine_02-Matrix-animation-transform" target="Spine_02/matrix"/></animation></animation>
    <animation id="Spine_03-anim" name="Spine_03"><animation><source id="Spine_03-Matrix-animation-input"><float_array id="Spine_03-Matrix-animation-input-array" count="20">

0.000000 0.083333 0.166667 0.250000 0.333333 0.416667 0.500000 0.583333 0.666667 0.750000 0.833333 0.916667 1.000000 1.083333 1.166667 1.250000
1.333333 1.416667 1.500000 1.583333</float_array><technique_common><accessor source="#Spine_03-Matrix-animation-input-array" count="20"><param name="TIME" type="float"/></accessor></technique_common></source><source id="Spine_03-Matrix-animation-output-transform"><float_array id="Spine_03-Matrix-animation-output-transform-array" count="320">

0.967759 0.251309 0.016892 0.299514 0.251271 -0.967907 0.004386 0.000000 0.017452 0.000000 -0.999848 -0.000000 0.000000 0.000000 0.000000 1.000000
0.967759 0.251309 0.016892 0.299514 0.251271 -0.967907 0.004386 0.000000 0.017452 0.000000 -0.999848 -0.000000 0.000000 0.000000 0.000000 1.000000
0.967759 0.251309 0.016892 0.299514 0.251271 -0.967907 0.004386 0.000000 0.017452 0.000000 -0.999848 -0.000000 0.000000 0.000000 0.000000 1.000000
0.967759 0.251309 0.016892 0.299514 0.251271 -0.967907 0.004386 0.000000 0.017452 0.000000 -0.999848 -0.000000 0.000000 0.000000 0.000000 1.000000
0.967759 0.251309 0.016892 0.299514 0.251271 -0.967907 0.004386 0.000000 0.017452 0.000000 -0.999848 -0.000000 0.000000 0.000000 0.000000 1.000000
0.967759 0.251309 0.016892 0.299514 0.251271 -0.967907 0.004386 0.000000 0.017452 0.000000 -0.999848 -0.000000 0.000000 0.000000 0.000000 1.000000
0.967759 0.251309 0.016892 0.299514 0.251271 -0.967907 0.004386 0.000000 0.017452 0.000000 -0.999848 -0.000000 0.000000 0.000000 0.000000 1.000000
0.967759 0.251309 0.016892 0.299514 0.251271 -0.967907 0.004386 0.000000 0.017452 0.000000 -0.999848 -0.000000 0.000000 0.000000 0.000000 1.000000
0.967759 0.251309 0.016892 0.299514 0.251271 -0.967907 0.004386 0.000000 0.017452 0.000000 -0.999848 -0.000000 0.000000 0.000000 0.000000 1.000000
0.967759 0.251309 0.016892 0.299514 0.251271 -0.967907 0.004386 0.000000 0.017452 0.000000 -0.999848 -0.000000 0.000000 0.000000 0.000000 1.000000
0.967759 0.251309 0.016892 0.299514 0.251271 -0.967907 0.004386 0.000000 0.017452 0.000000 -0.999848 -0.000000 0.000000 0.000000 0.000000 1.000000
0.967759 0.251309 0.016892 0.299514 0.251271 -0.967907 0.004386 0.000000 0.017452 0.000000 -0.999848 -0.000000 0.000000 0.000000 0.000000 1.000000
0.967759 0.251309 0.016892 0.299514 0.251271 -0.967907 0.004386 0.000000 0.017452 0.000000 -0.999848 -0.000000 0.000000 0.000000 0.000000 1.000000
0.967759 0.251309 0.016892 0.299514 0.251271 -0.967907 0.004386 0.000000 0.017452 0.000000 -0.999848 -0.000000 0.000000 0.000000 0.000000 1.000000
0.967759 0.251309 0.016892 0.299514 0.251271 -0.967907 0.004386 0.000000 0.017452 0.000000 -0.999848 -0.000000 0.000000 0.000000 0.000000 1.000000
0.967759 0.251309 0.016892 0.299514 0.251271 -0.967907 0.004386 0.000000 0.017452 0.000000 -0.999848 -0.000000 0.000000 0.000000 0.000000 1.000000
0.967759 0.251309 0.016892 0.299514 0.251271 -0.967907 0.004386 0.000000 0.017452 0.000000 -0.999848 -0.000000 0.000000 0.000000 0.000000 1.000000
0.967759 0.251309 0.016892 0.299514 0.251271 -0.967907 0.004386 0.000000 0.017452 0.000000 -0.999848 -0.000000 0.000000 0.000000 0.000000 1.000000
0.967759 0.251309 0.016892 0.299514 0.251271 -0.967907 0.004386 0.000000 0.017452 0.000000 -0.999848 -0.000000 0.000000 0.000000 0.000000 1.000000
0.967759 0.251309 0.016892 0.299514 0.251271 -0.967907 0.004386 0.000000 0.017452 0.000000 -0.999848 -0.000000 0.000000 0.000000 0.000000 1.000000</float_array><technique_common><accessor source="#Spine_03-Matrix-animation-output-transform-array" count="20" stride="16"><param type="float4x4"/></accessor></technique_common></source><source id="Spine_03-Interpolations"><Name_array id="Spine_03-Interpolations-array" count="20">
 LINEAR LINEAR LINEAR LINEAR LINEAR LINEAR LINEAR LINEAR LINEAR LINEAR LINEAR
LINEAR LINEAR LINEAR LINEAR LINEAR LINEAR LINEAR LINEAR LINEAR</Name_array><technique_common><accessor source="#Spine_03-Interpolations-array" count="20"><param type="name"/></accessor></technique_common></source><sampler id="Spine_03-Matrix-animation-transform"><input semantic="INPUT" source="#Spine_03-Matrix-animation-input"/><input semantic="OUTPUT" source="#Spine_03-Matrix-animation-output-transform"/><input semantic="INTERPOLATION" source="#Spine_03-Interpolations"/></sampler><channel source="#Spine_03-Matrix-animation-transform" target="Spine_03/matrix"/></animation></animation>
    <animation id="Head-anim" name="Head"><animation><source id="Head-Matrix-animation-input"><float_array id="Head-Matrix-animation-input-array" count="20">

0.000000 0.083333 0.166667 0.250000 0.333333 0.416667 0.500000 0.583333 0.666667 0.750000 0.833333 0.916667 1.000000 1.083333 1.166667 1.250000
1.333333 1.416667 1.500000 1.583333</float_array><technique_common><accessor source="#Head-Matrix-animation-input-array" count="20"><param name="TIME" type="float"/></accessor></technique_common></source><source id="Head-Matrix-animation-output-transform"><float_array id="Head-Matrix-animation-output-transform-array" count="320">

0.993873 -0.110524 -0.000000 0.133559 0.110524 0.993873 -0.000000 0.000000 0.000000 0.000000 1.000000 0.000000 0.000000 0.000000 0.000000 1.000000
0.993873 -0.110524 -0.000000 0.133559 0.110524 0.993873 -0.000000 0.000000 0.000000 0.000000 1.000000 0.000000 0.000000 0.000000 0.000000 1.000000
0.993873 -0.110524 -0.000000 0.133559 0.110524 0.993873 -0.000000 0.000000 0.000000 0.000000 1.000000 0.000000 0.000000 0.000000 0.000000 1.000000
0.993873 -0.110524 0.000000 0.133559 0.110524 0.993873 -0.000000 0.000000 -0.000000 0.000000 1.000000 0.000000 0.000000 0.000000 0.000000 1.000000
0.993873 -0.110524 -0.000000 0.133559 0.110524 0.993873 -0.000000 0.000000 0.000000 0.000000 1.000000 0.000000 0.000000 0.000000 0.000000 1.000000
0.993873 -0.110524 -0.000000 0.133559 0.110524 0.993873 0.000000 0.000000 0.000000 -0.000000 1.000000 0.000000 0.000000 0.000000 0.000000 1.000000
0.993873 -0.110524 0.000000 0.133559 0.110524 0.993873 -0.000000 0.000000 -0.000000 0.000000 1.000000 0.000000 0.000000 0.000000 0.000000 1.000000
0.993873 -0.110524 0.000000 0.133559 0.110524 0.993873 -0.000000 0.000000 -0.000000 0.000000 1.000000 0.000000 0.000000 0.000000 0.000000 1.000000
0.993873 -0.110524 -0.000000 0.133559 0.110524 0.993873 0.000000 0.000000 0.000000 -0.000000 1.000000 0.000000 0.000000 0.000000 0.000000 1.000000
0.993873 -0.110524 -0.000000 0.133559 0.110524 0.993873 0.000000 0.000000 0.000000 -0.000000 1.000000 0.000000 0.000000 0.000000 0.000000 1.000000
0.993873 -0.110524 0.000000 0.133559 0.110524 0.993873 0.000000 0.000000 -0.000000 -0.000000 1.000000 -0.000000 0.000000 0.000000 0.000000 1.000000
0.993873 -0.110524 0.000000 0.133559 0.110524 0.993873 -0.000000 0.000000 -0.000000 0.000000 1.000000 0.000000 0.000000 0.000000 0.000000 1.000000
0.993873 -0.110524 -0.000000 0.133559 0.110524 0.993873 0.000000 0.000000 0.000000 -0.000000 1.000000 0.000000 0.000000 0.000000 0.000000 1.000000
0.993873 -0.110524 0.000000 0.133559 0.110524 0.993873 -0.000000 0.000000 -0.000000 0.000000 1.000000 0.000000 0.000000 0.000000 0.000000 1.000000
0.993873 -0.110524 0.000000 0.133559 0.110524 0.993873 0.000000 0.000000 -0.000000 -0.000000 1.000000 0.000000 0.000000 0.000000 0.000000 1.000000
0.993873 -0.110524 -0.000000 0.133559 0.110524 0.993873 -0.000000 0.000000 0.000000 0.000000 1.000000 0.000000 0.000000 0.000000 0.000000 1.000000
0.993873 -0.110524 0.000000 0.133559 0.110524 0.993873 0.000000 0.000000 -0.000000 0.000000 1.000000 0.000000 0.000000 0.000000 0.000000 1.000000
0.993873 -0.110524 -0.000000 0.133559 0.110524 0.993873 -0.000000 0.000000 0.000000 0.000000 1.000000 0.000000 0.000000 0.000000 0.000000 1.000000
0.993873 -0.110524 0.000000 0.133559 0.110524 0.993873 -0.000000 0.000000 -0.000000 0.000000 1.000000 0.000000 0.000000 0.000000 0.000000 1.000000
0.993873 -0.110524 0.000000 0.133559 0.110524 0.993873 -0.000000 0.000000 -0.000000 0.000000 1.000000 0.000000 0.000000 0.000000 0.000000 1.000000</float_array><technique_common><accessor source="#Head-Matrix-animation-output-transform-array" count="20" stride="16"><param type="float4x4"/></accessor></technique_common></source><source id="Head-Interpolations"><Name_array id="Head-Interpolations-array" count="20">
 LINEAR LINEAR LINEAR LINEAR LINEAR LINEAR LINEAR LINEAR LINEAR LINEAR LINEAR
LINEAR LINEAR LINEAR LINEAR LINEAR LINEAR LINEAR LINEAR LINEAR</Name_array><technique_common><accessor source="#Head-Interpolations-array" count="20"><param type="name"/></accessor></technique_common></source><sampler id="Head-Matrix-animation-transform"><input semantic="INPUT" source="#Head-Matrix-animation-input"/><input semantic="OUTPUT" source="#Head-Matrix-animation-output-transform"/><input semantic="INTERPOLATION" source="#Head-Interpolations"/></sampler><channel source="#Head-Matrix-animation-transform" target="Head/matrix"/></animation></animation>
    <animation id="M_Hair_Jnt_0-anim" name="M_Hair_Jnt_0"><animation><source id="M_Hair_Jnt_0-Matrix-animation-input"><float_array id="M_Hair_Jnt_0-Matrix-animation-input-array" count="20">

0.000000 0.083333 0.166667 0.250000 0.333333 0.416667 0.500000 0.583333 0.666667 0.750000 0.833333 0.916667 1.000000 1.083333 1.166667 1.250000
1.333333 1.416667 1.500000 1.583333</float_array><technique_common><accessor source="#M_Hair_Jnt_0-Matrix-animation-input-array" count="20"><param name="TIME" type="float"/></accessor></technique_common></source><source id="M_Hair_Jnt_0-Matrix-animation-output-transform"><float_array id="M_Hair_Jnt_0-Matrix-animation-output-transform-array" count="320">

-0.533504 0.845786 -0.004428 0.191574 0.832772 0.526196 0.172072 0.208364 0.147866 0.088113 -0.985074 -0.007597 0.000000 0.000000 0.000000 1.000000
-0.533753 0.845629 -0.004428 0.191574 0.832615 0.526439 0.172086 0.208364 0.147852 0.088165 -0.985072 -0.007597 0.000000 0.000000 0.000000 1.000000
-0.535578 0.844474 -0.004426 0.191574 0.831461 0.528228 0.172187 0.208364 0.147745 0.088540 -0.985054 -0.007597 0.000000 0.000000 0.000000 1.000000
-0.538816 0.842412 -0.004423 0.191574 0.829400 0.531399 0.172367 0.208364 0.147555 0.089206 -0.985023 -0.007597 0.000000 0.000000 0.000000 1.000000
-0.543034 0.839699 -0.004420 0.191574 0.826690 0.535529 0.172602 0.208364 0.147301 0.090075 -0.984982 -0.007597 0.000000 0.000000 0.000000 1.000000
-0.547799 0.836599 -0.004418 0.191574 0.823593 0.540196 0.172867 0.208364 0.147007 0.091058 -0.984935 -0.007597 0.000000 0.000000 0.000000 1.000000
-0.552678 0.833383 -0.004417 0.191574 0.820382 0.544973 0.173139 0.208364 0.146698 0.092066 -0.984888 -0.007597 0.000000 0.000000 0.000000 1.000000
-0.557235 0.830343 -0.004418 0.191574 0.817347 0.549435 0.173392 0.208364 0.146402 0.093009 -0.984843 -0.007597 0.000000 0.000000 0.000000 1.000000
-0.561033 0.827782 -0.004419 0.191574 0.814790 0.553154 0.173603 0.208364 0.146150 0.093796 -0.984806 -0.007597 0.000000 0.000000 0.000000 1.000000
-0.563633 0.826014 -0.004421 0.191574 0.813025 0.555700 0.173748 0.208364 0.145975 0.094336 -0.984780 -0.007597 0.000000 0.000000 0.000000 1.000000
-0.564597 0.825355 -0.004421 0.191574 0.812367 0.556644 0.173802 0.208364 0.145909 0.094536 -0.984771 -0.007597 0.000000 0.000000 0.000000 1.000000
-0.568732 0.822511 -0.004425 0.191574 0.809529 0.560692 0.174031 0.208364 0.145623 0.095395 -0.984730 -0.007597 0.000000 0.000000 0.000000 1.000000
-0.572872 0.819633 -0.004429 0.191574 0.806658 0.564744 0.174261 0.208364 0.145332 0.096256 -0.984689 -0.007597 0.000000 0.000000 0.000000 1.000000
-0.571173 0.820818 -0.004427 0.191574 0.807840 0.563082 0.174167 0.208364 0.145452 0.095903 -0.984706 -0.007597 0.000000 0.000000 0.000000 1.000000
-0.566698 0.823914 -0.004423 0.191574 0.810929 0.558701 0.173918 0.208364 0.145765 0.094973 -0.984750 -0.007597 0.000000 0.000000 0.000000 1.000000
-0.560379 0.828224 -0.004419 0.191574 0.815232 0.552514 0.173567 0.208364 0.146194 0.093661 -0.984812 -0.007597 0.000000 0.000000 0.000000 1.000000
-0.553146 0.833073 -0.004417 0.191574 0.820072 0.545432 0.173165 0.208364 0.146668 0.092163 -0.984883 -0.007597 0.000000 0.000000 0.000000 1.000000
-0.545924 0.837823 -0.004418 0.191574 0.824816 0.538360 0.172763 0.208364 0.147124 0.090671 -0.984954 -0.007597 0.000000 0.000000 0.000000 1.000000
-0.539633 0.841888 -0.004422 0.191574 0.828877 0.532199 0.172413 0.208364 0.147506 0.089374 -0.985015 -0.007597 0.000000 0.000000 0.000000 1.000000
-0.535189 0.844721 -0.004426 0.191574 0.831708 0.527846 0.172166 0.208364 0.147768 0.088460 -0.985058 -0.007597 0.000000 0.000000 0.000000 1.000000</float_array><technique_common><accessor source="#M_Hair_Jnt_0-Matrix-animation-output-transform-array" count="20" stride="16"><param type="float4x4"/></accessor></technique_common></source><source id="M_Hair_Jnt_0-Interpolations"><Name_array id="M_Hair_Jnt_0-Interpolations-array" count="20">
 LINEAR LINEAR LINEAR LINEAR LINEAR LINEAR LINEAR LINEAR LINEAR LINEAR LINEAR
LINEAR LINEAR LINEAR LINEAR LINEAR LINEAR LINEAR LINEAR LINEAR</Name_array><technique_common><accessor source="#M_Hair_Jnt_0-Interpolations-array" count="20"><param type="name"/></accessor></technique_common></source><sampler id="M_Hair_Jnt_0-Matrix-animation-transform"><input semantic="INPUT" source="#M_Hair_Jnt_0-Matrix-animation-input"/><input semantic="OUTPUT" source="#M_Hair_Jnt_0-Matrix-animation-output-transform"/><input semantic="INTERPOLATION" source="#M_Hair_Jnt_0-Interpolations"/></sampler><channel source="#M_Hair_Jnt_0-Matrix-animation-transform" target="M_Hair_Jnt_0/matrix"/></animation></animation>
    <animation id="M_Hair_Jnt_1-anim" name="M_Hair_Jnt_1"><animation><source id="M_Hair_Jnt_1-Matrix-animation-input"><float_array id="M_Hair_Jnt_1-Matrix-animation-input-array" count="20">

0.000000 0.083333 0.166667 0.250000 0.333333 0.416667 0.500000 0.583333 0.666667 0.750000 0.833333 0.916667 1.000000 1.083333 1.166667 1.250000
1.333333 1.416667 1.500000 1.583333</float_array><technique_common><accessor source="#M_Hair_Jnt_1-Matrix-animation-input-array" count="20"><param name="TIME" type="float"/></accessor></technique_common></source><source id="M_Hair_Jnt_1-Matrix-animation-output-transform"><float_array id="M_Hair_Jnt_1-Matrix-animation-output-transform-array" count="320">

0.975930 0.218078 -0.001717 0.147208 -0.218083 0.975925 -0.003108 0.000000 0.000998 0.003407 0.999994 -0.004321 0.000000 0.000000 0.000000 1.000000
0.975945 0.218010 -0.001722 0.147208 -0.218014 0.975941 -0.003116 0.000000 0.001001 0.003417 0.999994 -0.004321 0.000000 0.000000 0.000000 1.000000
0.976057 0.217506 -0.001755 0.147208 -0.217511 0.976053 -0.003180 -0.000000 0.001022 0.003486 0.999993 -0.004321 0.000000 0.000000 0.000000 1.000000
0.976256 0.216610 -0.001814 0.147208 -0.216615 0.976251 -0.003294 0.000000 0.001058 0.003609 0.999993 -0.004321 0.000000 0.000000 0.000000 1.000000
0.976515 0.215439 -0.001891 0.147208 -0.215445 0.976510 -0.003444 0.000000 0.001105 0.003770 0.999992 -0.004321 0.000000 0.000000 0.000000 1.000000
0.976807 0.214110 -0.001978 0.147208 -0.214116 0.976801 -0.003613 0.000000 0.001158 0.003953 0.999992 -0.004321 0.000000 0.000000 0.000000 1.000000
0.977106 0.212743 -0.002066 0.147208 -0.212750 0.977099 -0.003788 0.000000 0.001213 0.004141 0.999991 -0.004321 0.000000 0.000000 0.000000 1.000000
0.977384 0.211460 -0.002149 0.147208 -0.211467 0.977377 -0.003952 -0.000000 0.001265 0.004317 0.999990 -0.004321 0.000000 0.000000 0.000000 1.000000
0.977616 0.210386 -0.002218 0.147208 -0.210393 0.977608 -0.004089 0.000000 0.001308 0.004464 0.999989 -0.004321 0.000000 0.000000 0.000000 1.000000
0.977774 0.209648 -0.002265 0.147208 -0.209656 0.977766 -0.004183 0.000000 0.001338 0.004565 0.999989 -0.004321 0.000000 0.000000 0.000000 1.000000
0.977833 0.209374 -0.002283 0.147208 -0.209382 0.977825 -0.004219 0.000000 0.001349 0.004603 0.999988 -0.004321 0.000000 0.000000 0.000000 1.000000
0.978084 0.208195 -0.002358 0.147208 -0.208204 0.978076 -0.004370 0.000000 0.001396 0.004765 0.999988 -0.004321 0.000000 0.000000 0.000000 1.000000
0.978336 0.207010 -0.002433 0.147208 -0.207020 0.978326 -0.004522 0.000000 0.001444 0.004927 0.999987 -0.004321 0.000000 0.000000 0.000000 1.000000
0.978233 0.207497 -0.002402 0.147208 -0.207506 0.978224 -0.004459 -0.000000 0.001424 0.004861 0.999987 -0.004321 0.000000 0.000000 0.000000 1.000000
0.977961 0.208776 -0.002321 0.147208 -0.208784 0.977952 -0.004295 0.000000 0.001373 0.004685 0.999988 -0.004321 0.000000 0.000000 0.000000 1.000000
0.977576 0.210571 -0.002206 0.147208 -0.210578 0.977569 -0.004065 -0.000000 0.001301 0.004439 0.999989 -0.004321 0.000000 0.000000 0.000000 1.000000
0.977135 0.212611 -0.002075 0.147208 -0.212618 0.977128 -0.003804 0.000000 0.001219 0.004159 0.999991 -0.004321 0.000000 0.000000 0.000000 1.000000
0.976693 0.214634 -0.001944 0.147208 -0.214640 0.976687 -0.003546 0.000000 0.001137 0.003881 0.999992 -0.004321 0.000000 0.000000 0.000000 1.000000
0.976307 0.216384 -0.001829 0.147208 -0.216389 0.976302 -0.003323 0.000000 0.001067 0.003640 0.999993 -0.004321 0.000000 0.000000 0.000000 1.000000
0.976033 0.217614 -0.001748 0.147208 -0.217618 0.976029 -0.003167 -0.000000 0.001017 0.003471 0.999993 -0.004321 0.000000 0.000000 0.000000 1.000000</float_array><technique_common><accessor source="#M_Hair_Jnt_1-Matrix-animation-output-transform-array" count="20" stride="16"><param type="float4x4"/></accessor></technique_common></source><source id="M_Hair_Jnt_1-Interpolations"><Name_array id="M_Hair_Jnt_1-Interpolations-array" count="20">
 LINEAR LINEAR LINEAR LINEAR LINEAR LINEAR LINEAR LINEAR LINEAR LINEAR LINEAR
LINEAR LINEAR LINEAR LINEAR LINEAR LINEAR LINEAR LINEAR LINEAR</Name_array><technique_common><accessor source="#M_Hair_Jnt_1-Interpolations-array" count="20"><param type="name"/></accessor></technique_common></source><sampler id="M_Hair_Jnt_1-Matrix-animation-transform"><input semantic="INPUT" source="#M_Hair_Jnt_1-Matrix-animation-input"/><input semantic="OUTPUT" source="#M_Hair_Jnt_1-Matrix-animation-output-transform"/><input semantic="INTERPOLATION" source="#M_Hair_Jnt_1-Interpolations"/></sampler><channel source="#M_Hair_Jnt_1-Matrix-animation-transform" target="M_Hair_Jnt_1/matrix"/></animation></animation>
    <animation id="M_Hair_Jnt_2-anim" name="M_Hair_Jnt_2"><animation><source id="M_Hair_Jnt_2-Matrix-animation-input"><float_array id="M_Hair_Jnt_2-Matrix-animation-input-array" count="20">

0.000000 0.083333 0.166667 0.250000 0.333333 0.416667 0.500000 0.583333 0.666667 0.750000 0.833333 0.916667 1.000000 1.083333 1.166667 1.250000
1.333333 1.416667 1.500000 1.583333</float_array><technique_common><accessor source="#M_Hair_Jnt_2-Matrix-animation-input-array" count="20"><param name="TIME" type="float"/></accessor></technique_common></source><source id="M_Hair_Jnt_2-Matrix-animation-output-transform"><float_array id="M_Hair_Jnt_2-Matrix-animation-output-transform-array" count="320">

0.853646 0.520846 0.002906 0.244749 -0.520839 0.853650 -0.003017 0.000000 -0.004052 0.001062 0.999991 -0.009540 0.000000 0.000000 0.000000 1.000000
0.853737 0.520696 0.002914 0.244749 -0.520689 0.853741 -0.003025 0.000000 -0.004063 0.001065 0.999991 -0.009540 0.000000 0.000000 0.000000 1.000000
0.854409 0.519592 0.002977 0.244749 -0.519584 0.854414 -0.003082 0.000000 -0.004145 0.001086 0.999991 -0.009540 0.000000 0.000000 0.000000 1.000000
0.855601 0.517627 0.003090 0.244749 -0.517619 0.855606 -0.003184 0.000000 -0.004292 0.001125 0.999990 -0.009540 0.000000 0.000000 0.000000 1.000000
0.857151 0.515055 0.003237 0.244749 -0.515046 0.857156 -0.003316 0.000000 -0.004483 0.001175 0.999989 -0.009540 0.000000 0.000000 0.000000 1.000000
0.858901 0.512131 0.003406 0.244749 -0.512121 0.858906 -0.003465 0.000000 -0.004700 0.001232 0.999988 -0.009540 0.000000 0.000000 0.000000 1.000000
0.860690 0.509117 0.003581 0.244749 -0.509106 0.860696 -0.003617 0.000000 -0.004923 0.001290 0.999987 -0.009540 0.000000 0.000000 0.000000 1.000000
0.862358 0.506285 0.003745 0.244749 -0.506272 0.862365 -0.003759 0.000000 -0.005133 0.001345 0.999986 -0.009540 0.000000 0.000000 0.000000 1.000000
0.863748 0.503910 0.003884 0.244749 -0.503897 0.863755 -0.003877 0.000000 -0.005308 0.001391 0.999985 -0.009540 0.000000 0.000000 0.000000 1.000000
0.864698 0.502277 0.003980 0.244749 -0.502263 0.864706 -0.003957 0.000000 -0.005429 0.001423 0.999984 -0.009540 0.000000 0.000000 0.000000 1.000000
0.865050 0.501670 0.004015 0.244749 -0.501656 0.865058 -0.003987 0.000000 -0.005473 0.001434 0.999984 -0.009540 0.000000 0.000000 0.000000 1.000000
0.866559 0.499056 0.004169 0.244749 -0.499042 0.866568 -0.004114 0.000000 -0.005666 0.001485 0.999983 -0.009540 0.000000 0.000000 0.000000 1.000000
0.868068 0.496426 0.004324 0.244749 -0.496410 0.868078 -0.004241 0.000000 -0.005859 0.001536 0.999982 -0.009540 0.000000 0.000000 0.000000 1.000000
0.867449 0.497507 0.004260 0.244749 -0.497492 0.867459 -0.004189 0.000000 -0.005780 0.001515 0.999982 -0.009540 0.000000 0.000000 0.000000 1.000000
0.865817 0.500344 0.004093 0.244749 -0.500330 0.865826 -0.004052 0.000000 -0.005571 0.001460 0.999983 -0.009540 0.000000 0.000000 0.000000 1.000000
0.863509 0.504319 0.003860 0.244749 -0.504306 0.863516 -0.003856 0.000000 -0.005278 0.001383 0.999985 -0.009540 0.000000 0.000000 0.000000 1.000000
0.860861 0.508827 0.003598 0.244749 -0.508816 0.860868 -0.003632 0.000000 -0.004945 0.001296 0.999987 -0.009540 0.000000 0.000000 0.000000 1.000000
0.858213 0.513283 0.003340 0.244749 -0.513273 0.858218 -0.003406 0.000000 -0.004615 0.001209 0.999989 -0.009540 0.000000 0.000000 0.000000 1.000000
0.855901 0.517130 0.003118 0.244749 -0.517121 0.855906 -0.003209 0.000000 -0.004329 0.001134 0.999990 -0.009540 0.000000 0.000000 0.000000 1.000000
0.854266 0.519828 0.002964 0.244749 -0.519820 0.854270 -0.003070 0.000000 -0.004128 0.001082 0.999991 -0.009540 0.000000 0.000000 0.000000 1.000000</float_array><technique_common><accessor source="#M_Hair_Jnt_2-Matrix-animation-output-transform-array" count="20" stride="16"><param type="float4x4"/></accessor></technique_common></source><source id="M_Hair_Jnt_2-Interpolations"><Name_array id="M_Hair_Jnt_2-Interpolations-array" count="20">
 LINEAR LINEAR LINEAR LINEAR LINEAR LINEAR LINEAR LINEAR LINEAR LINEAR LINEAR
LINEAR LINEAR LINEAR LINEAR LINEAR LINEAR LINEAR LINEAR LINEAR</Name_array><technique_common><accessor source="#M_Hair_Jnt_2-Interpolations-array" count="20"><param type="name"/></accessor></technique_common></source><sampler id="M_Hair_Jnt_2-Matrix-animation-transform"><input semantic="INPUT" source="#M_Hair_Jnt_2-Matrix-animation-input"/><input semantic="OUTPUT" source="#M_Hair_Jnt_2-Matrix-animation-output-transform"/><input semantic="INTERPOLATION" source="#M_Hair_Jnt_2-Interpolations"/></sampler><channel source="#M_Hair_Jnt_2-Matrix-animation-transform" target="M_Hair_Jnt_2/matrix"/></animation></animation>
    <animation id="M_Hair_Jnt_3-anim" name="M_Hair_Jnt_3"><animation><source id="M_Hair_Jnt_3-Matrix-animation-input"><float_array id="M_Hair_Jnt_3-Matrix-animation-input-array" count="20">

0.000000 0.083333 0.166667 0.250000 0.333333 0.416667 0.500000 0.583333 0.666667 0.750000 0.833333 0.916667 1.000000 1.083333 1.166667 1.250000
1.333333 1.416667 1.500000 1.583333</float_array><technique_common><accessor source="#M_Hair_Jnt_3-Matrix-animation-input-array" count="20"><param name="TIME" type="float"/></accessor></technique_common></source><source id="M_Hair_Jnt_3-Matrix-animation-output-transform"><float_array id="M_Hair_Jnt_3-Matrix-animation-output-transform-array" count="320">

0.947378 0.320116 -0.000100 0.217920 -0.320116 0.947378 -0.000297 -0.000000 0.000000 0.000313 1.000000 -0.000000 0.000000 0.000000 0.000000 1.000000
0.947412 0.320017 -0.000101 0.217920 -0.320017 0.947412 -0.000298 -0.000000 0.000000 0.000314 1.000000 -0.000000 0.000000 0.000000 0.000000 1.000000
0.947658 0.319288 -0.000103 0.217920 -0.319288 0.947658 -0.000304 -0.000000 0.000000 0.000321 1.000000 -0.000000 0.000000 0.000000 0.000000 1.000000
0.948093 0.317993 -0.000106 0.217920 -0.317993 0.948093 -0.000315 0.000000 0.000000 0.000332 1.000000 -0.000000 0.000000 0.000000 0.000000 1.000000
0.948660 0.316299 -0.000110 0.217920 -0.316299 0.948660 -0.000329 -0.000000 0.000000 0.000347 1.000000 -0.000000 0.000000 0.000000 0.000000 1.000000
0.949299 0.314375 -0.000114 0.217920 -0.314376 0.949299 -0.000345 -0.000000 0.000000 0.000364 1.000000 -0.000000 0.000000 0.000000 0.000000 1.000000
0.949952 0.312396 -0.000119 0.217920 -0.312396 0.949952 -0.000362 -0.000000 0.000000 0.000381 1.000000 -0.000000 0.000000 0.000000 0.000000 1.000000
0.950561 0.310538 -0.000123 0.217920 -0.310538 0.950561 -0.000377 0.000000 0.000000 0.000397 1.000000 -0.000000 0.000000 0.000000 0.000000 1.000000
0.951068 0.308982 -0.000127 0.217920 -0.308982 0.951068 -0.000390 -0.000000 0.000000 0.000411 1.000000 -0.000000 0.000000 0.000000 0.000000 1.000000
0.951415 0.307913 -0.000130 0.217920 -0.307913 0.951415 -0.000399 -0.000000 0.000000 0.000420 1.000000 -0.000000 0.000000 0.000000 0.000000 1.000000
0.951543 0.307515 -0.000130 0.217920 -0.307515 0.951543 -0.000403 0.000000 0.000000 0.000423 1.000000 -0.000000 0.000000 0.000000 0.000000 1.000000
0.952094 0.305807 -0.000134 0.217920 -0.305807 0.952093 -0.000417 0.000000 0.000000 0.000438 1.000000 -0.000000 0.000000 0.000000 0.000000 1.000000
0.952644 0.304089 -0.000138 0.217920 -0.304089 0.952644 -0.000432 -0.000000 0.000000 0.000453 1.000000 -0.000000 0.000000 0.000000 0.000000 1.000000
0.952418 0.304795 -0.000136 0.217920 -0.304795 0.952418 -0.000426 -0.000000 0.000000 0.000447 1.000000 -0.000000 0.000000 0.000000 0.000000 1.000000
