<?xml version="1.0" encoding="utf-8"?>
<COLLADA xmlns="http://www.collada.org/2005/11/COLLADASchema" version="1.4.1">
  <asset><contributor><author></author><authoring_tool>FBX COLLADA exporter</authoring_tool><comments></comments></contributor><created>2013-12-16T19:28:56Z</created><keywords></keywords><modified>2013-12-16T19:28:56Z</modified><revision></revision><subject></subject><title></title><unit meter="0.010000" name="centimeter"></unit><up_axis>Y_UP</up_axis></asset>
  <library_animations>
    <animation id="Pelvis-anim" name="Pelvis"><animation><source id="Pelvis-Matrix-animation-input"><float_array id="Pelvis-Matrix-animation-input-array" count="37">

0.041667 0.083333 0.125000 0.166667 0.208333 0.250000 0.291667 0.333333 0.375000 0.416667 0.458333 0.500000 0.541667 0.583333 0.625000 0.666667
0.708333 0.750000 0.791667 0.833333 0.875000 0.916667 0.958333 1.000000 1.041667 1.083333 1.125000 1.166667 1.208333 1.250000 1.291667 1.333333
1.375000 1.416667 1.458333 1.500000 1.541667</float_array><technique_common><accessor source="#Pelvis-Matrix-animation-input-array" count="37"><param name="TIME" type="float"/></accessor></technique_common></source><source id="Pelvis-Matrix-animation-output-transform"><float_array id="Pelvis-Matrix-animation-output-transform-array" count="592">

0.998680 -0.006605 -0.050928 0.031696 0.002887 0.997347 -0.072732 2.269801 0.051274 0.072489 0.996050 -0.084505 0.000000 0.000000 0.000000 1.000000
0.998101 -0.005897 -0.061323 0.022667 0.001398 0.997320 -0.073145 2.269801 0.061590 0.072920 0.995434 -0.084505 0.000000 0.000000 0.000000 1.000000
0.995886 -0.004147 -0.090518 -0.001529 -0.002582 0.997248 -0.074096 2.269801 0.090576 0.074025 0.993135 -0.084505 0.000000 0.000000 0.000000 1.000000
0.990784 -0.001947 -0.135439 -0.036560 -0.008299 0.997146 -0.075041 2.269801 0.135198 0.075473 0.987940 -0.084505 0.000000 0.000000 0.000000 1.000000
0.981228 0.000120 -0.192851 -0.078092 -0.014946 0.997039 -0.075427 2.269801 0.192271 0.076893 0.978325 -0.084505 0.000000 0.000000 0.000000 1.000000
0.965788 0.001532 -0.259328 -0.121790 -0.021680 0.996959 -0.074850 2.269801 0.258424 0.077912 0.962885 -0.084505 0.000000 0.000000 0.000000 1.000000
0.943522 0.001859 -0.331304 -0.163322 -0.027653 0.996937 -0.073159 2.269801 0.330153 0.078189 0.940684 -0.084505 0.000000 0.000000 0.000000 1.000000
0.914228 0.000768 -0.405198 -0.198353 -0.032087 0.996995 -0.070504 2.269801 0.403927 0.077458 0.911506 -0.084505 0.000000 0.000000 0.000000 1.000000
0.878577 -0.001987 -0.477596 -0.222550 -0.034349 0.997139 -0.067338 2.269801 0.476364 0.075566 0.875995 -0.084505 0.000000 0.000000 0.000000 1.000000
0.838121 -0.006605 -0.545444 -0.231578 -0.034019 0.997347 -0.064350 2.269801 0.544422 0.072489 0.835673 -0.084505 0.000000 0.000000 0.000000 1.000000
0.794208 -0.010747 -0.607551 -0.229493 -0.028881 0.998046 -0.055408 2.269801 0.606959 0.061552 0.792346 -0.084505 0.000000 0.000000 0.000000 1.000000
0.741750 -0.011313 -0.670581 -0.223687 -0.019503 0.999071 -0.038427 2.269801 0.670392 0.041582 0.740841 -0.084505 0.000000 0.000000 0.000000 1.000000
0.671123 -0.008299 -0.741300 -0.214837 -0.009584 0.999757 -0.019869 2.269801 0.741284 0.020439 0.670880 -0.084505 0.000000 0.000000 0.000000 1.000000
0.569641 -0.003177 -0.821887 -0.203620 -0.002403 0.999982 -0.005531 2.269801 0.821890 0.005126 0.569623 -0.084505 0.000000 0.000000 0.000000 1.000000
0.421487 0.000000 -0.906834 -0.190711 0.000000 1.000000 0.000000 2.269801 0.906834 0.000000 0.421487 -0.084505 0.000000 0.000000 0.000000 1.000000
0.211659 0.000000 -0.977344 -0.176788 0.000000 1.000000 0.000000 2.269801 0.977344 0.000000 0.211659 -0.084505 0.000000 0.000000 0.000000 1.000000
-0.051502 0.000000 -0.998673 -0.162527 0.000000 1.000000 0.000000 2.269801 0.998673 0.000000 -0.051502 -0.084505 0.000000 0.000000 0.000000 1.000000
-0.338149 0.000000 -0.941092 -0.148604 0.000000 1.000000 0.000000 2.269801 0.941092 0.000000 -0.338149 -0.084505 0.000000 0.000000 0.000000 1.000000
-0.607289 0.000000 -0.794481 -0.135696 0.000000 1.000000 0.000000 2.269801 0.794481 0.000000 -0.607289 -0.084505 0.000000 0.000000 0.000000 1.000000
-0.819335 0.000000 -0.573316 -0.124478 0.000000 1.000000 0.000000 2.269801 0.573316 0.000000 -0.819335 -0.084505 0.000000 0.000000 0.000000 1.000000
-0.978049 -0.007686 -0.208235 -0.115628 -0.008096 0.999967 0.001118 2.269801 0.208219 0.002779 -0.978078 -0.084505 0.000000 0.000000 0.000000 1.000000
-0.976192 -0.025398 0.215415 -0.109822 -0.023092 0.999646 0.013216 2.269801 -0.215674 0.007927 -0.976433 -0.084505 0.000000 0.000000 0.000000 1.000000
-0.914115 -0.036350 0.403821 -0.107737 -0.029196 0.999289 0.023862 2.269801 -0.404401 0.010023 -0.914527 -0.084505 0.000000 0.000000 0.000000 1.000000
-0.896829 -0.036756 0.440848 -0.107737 -0.028644 0.999276 0.025045 2.269801 -0.441449 0.009834 -0.897232 -0.084505 0.000000 0.000000 0.000000 1.000000
-0.845407 -0.037764 0.532786 -0.107737 -0.027001 0.999244 0.027981 2.269801 -0.533440 0.009270 -0.845787 -0.084505 0.000000 0.000000 0.000000 1.000000
-0.760024 -0.039034 0.648721 -0.107737 -0.024274 0.999203 0.031684 2.269801 -0.649441 0.008333 -0.760366 -0.084505 0.000000 0.000000 0.000000 1.000000
-0.649110 -0.040250 0.759629 -0.107737 -0.020732 0.999164 0.035226 2.269801 -0.760412 0.007117 -0.649402 -0.084505 0.000000 0.000000 0.000000 1.000000
-0.533169 -0.041185 0.845006 -0.107737 -0.017029 0.999134 0.037953 2.269801 -0.845838 0.005846 -0.533408 -0.084505 0.000000 0.000000 0.000000 1.000000
-0.441224 -0.041749 0.896425 -0.107737 -0.014092 0.999116 0.039595 2.269801 -0.897286 0.004838 -0.441422 -0.084505 0.000000 0.000000 0.000000 1.000000
-0.404196 -0.041938 0.913711 -0.107737 -0.012909 0.999110 0.040147 2.269801 -0.914581 0.004432 -0.404377 -0.084505 0.000000 0.000000 0.000000 1.000000
-0.279277 -0.042438 0.959272 -0.107737 -0.008920 0.999094 0.041603 2.269801 -0.960169 0.003062 -0.279402 -0.084505 0.000000 0.000000 0.000000 1.000000
0.060094 -0.042854 0.997272 -0.107737 0.001919 0.999081 0.042816 2.269801 -0.998191 -0.000659 0.060121 -0.084505 0.000000 0.000000 0.000000 1.000000
0.504964 -0.041373 0.862148 -0.107737 0.016128 0.999128 0.038501 2.269801 -0.862990 -0.005537 0.505191 -0.084505 0.000000 0.000000 0.000000 1.000000
0.862550 -0.037454 0.504584 -0.107737 0.027549 0.999254 0.027080 2.269801 -0.505221 -0.009458 0.862938 -0.084505 0.000000 0.000000 0.000000 1.000000
0.997682 -0.032579 0.059739 -0.107737 0.031865 0.999409 0.012873 2.269801 -0.060123 -0.010939 0.998131 -0.084505 0.000000 0.000000 0.000000 1.000000
0.959680 -0.028860 -0.279610 -0.107737 0.030651 0.999528 0.002034 2.269801 0.279419 -0.010523 0.960112 -0.084505 0.000000 0.000000 0.000000 1.000000
0.914115 -0.027491 -0.404521 -0.107737 0.029196 0.999572 -0.001955 2.269801 0.404402 -0.010023 0.914527 -0.084505 0.000000 0.000000 0.000000 1.000000</float_array><technique_common><accessor source="#Pelvis-Matrix-animation-output-transform-array" count="37" stride="16"><param type="float4x4"/></accessor></technique_common></source><source id="Pelvis-Interpolations"><Name_array id="Pelvis-Interpolations-array" count="37">
 LINEAR LINEAR LINEAR LINEAR LINEAR LINEAR LINEAR LINEAR LINEAR LINEAR LINEAR
LINEAR LINEAR LINEAR LINEAR LINEAR LINEAR LINEAR LINEAR LINEAR LINEAR LINEAR LINEAR
LINEAR LINEAR LINEAR LINEAR LINEAR LINEAR LINEAR LINEAR LINEAR LINEAR LINEAR LINEAR
LINEAR LINEAR</Name_array><technique_common><accessor source="#Pelvis-Interpolations-array" count="37"><param type="name"/></accessor></technique_common></source><sampler id="Pelvis-Matrix-animation-transform"><input semantic="INPUT" source="#Pelvis-Matrix-animation-input"/><input semantic="OUTPUT" source="#Pelvis-Matrix-animation-output-transform"/><input semantic="INTERPOLATION" source="#Pelvis-Interpolations"/></sampler><channel source="#Pelvis-Matrix-animation-transform" target="Pelvis/matrix"/></animation></animation>
    <animation id="Spine_01-anim" name="Spine_01"><animation><source id="Spine_01-Matrix-animation-input"><float_array id="Spine_01-Matrix-animation-input-array" count="37">

0.041667 0.083333 0.125000 0.166667 0.208333 0.250000 0.291667 0.333333 0.375000 0.416667 0.458333 0.500000 0.541667 0.583333 0.625000 0.666667
0.708333 0.750000 0.791667 0.833333 0.875000 0.916667 0.958333 1.000000 1.041667 1.083333 1.125000 1.166667 1.208333 1.250000 1.291667 1.333333
1.375000 1.416667 1.458333 1.500000 1.541667</float_array><technique_common><accessor source="#Spine_01-Matrix-animation-input-array" count="37"><param name="TIME" type="float"/></accessor></technique_common></source><source id="Spine_01-Matrix-animation-output-transform"><float_array id="Spine_01-Matrix-animation-output-transform-array" count="592">

0.000000 -0.000000 1.000000 0.000000 0.999490 0.031919 -0.000000 0.211260 -0.031919 0.999490 0.000000 0.059226 0.000000 0.000000 0.000000 1.000000
0.000000 -0.000000 1.000000 -0.000000 0.999490 0.031919 -0.000000 0.211260 -0.031919 0.999490 0.000000 0.059226 0.000000 0.000000 0.000000 1.000000
0.000000 -0.000000 1.000000 0.000000 0.999490 0.031919 -0.000000 0.211260 -0.031919 0.999490 0.000000 0.059226 0.000000 0.000000 0.000000 1.000000
0.000000 -0.000000 1.000000 0.000000 0.999490 0.031919 -0.000000 0.211260 -0.031919 0.999490 0.000000 0.059226 0.000000 0.000000 0.000000 1.000000
0.000000 -0.000000 1.000000 0.000000 0.999490 0.031919 -0.000000 0.211260 -0.031919 0.999490 0.000000 0.059226 0.000000 0.000000 0.000000 1.000000
0.000000 -0.000000 1.000000 0.000000 0.999490 0.031919 -0.000000 0.211260 -0.031919 0.999490 0.000000 0.059226 0.000000 0.000000 0.000000 1.000000
0.000000 -0.000000 1.000000 -0.000000 0.999490 0.031919 -0.000000 0.211260 -0.031919 0.999490 0.000000 0.059226 0.000000 0.000000 0.000000 1.000000
0.000000 0.000000 1.000000 0.000000 0.999490 0.031919 -0.000000 0.211260 -0.031919 0.999490 0.000000 0.059226 0.000000 0.000000 0.000000 1.000000
0.000000 -0.000000 1.000000 0.000000 0.999490 0.031919 -0.000000 0.211260 -0.031919 0.999490 0.000000 0.059226 0.000000 0.000000 0.000000 1.000000
0.000000 -0.000000 1.000000 -0.000000 0.999490 0.031919 -0.000000 0.211260 -0.031919 0.999490 -0.000000 0.059226 0.000000 0.000000 0.000000 1.000000
0.000000 0.000000 1.000000 0.000000 0.999490 0.031919 -0.000000 0.211260 -0.031919 0.999490 -0.000000 0.059226 0.000000 0.000000 0.000000 1.000000
0.000000 0.000000 1.000000 0.000000 0.999490 0.031919 -0.000000 0.211260 -0.031919 0.999490 0.000000 0.059226 0.000000 0.000000 0.000000 1.000000
0.000000 -0.000000 1.000000 0.000000 0.999490 0.031919 -0.000000 0.211260 -0.031919 0.999490 0.000000 0.059226 0.000000 0.000000 0.000000 1.000000
0.000000 -0.000000 1.000000 -0.000000 0.999490 0.031919 -0.000000 0.211260 -0.031919 0.999490 0.000000 0.059226 0.000000 0.000000 0.000000 1.000000
0.000000 -0.000000 1.000000 -0.000000 0.999490 0.031919 -0.000000 0.211260 -0.031919 0.999490 0.000000 0.059226 0.000000 0.000000 0.000000 1.000000
0.000000 -0.000000 1.000000 -0.000000 0.999490 0.031919 -0.000000 0.211260 -0.031919 0.999490 0.000000 0.059226 0.000000 0.000000 0.000000 1.000000
0.000000 -0.000000 1.000000 0.000000 0.999490 0.031919 -0.000000 0.211260 -0.031919 0.999490 0.000000 0.059226 0.000000 0.000000 0.000000 1.000000
0.000000 0.000000 1.000000 0.000000 0.999490 0.031919 -0.000000 0.211260 -0.031919 0.999490 0.000000 0.059226 0.000000 0.000000 0.000000 1.000000
0.000000 -0.000000 1.000000 0.000000 0.999490 0.031919 -0.000000 0.211260 -0.031919 0.999490 0.000000 0.059226 0.000000 0.000000 0.000000 1.000000
0.000000 0.000000 1.000000 0.000000 0.999490 0.031919 -0.000000 0.211260 -0.031919 0.999490 0.000000 0.059226 0.000000 0.000000 0.000000 1.000000
0.000000 -0.000000 1.000000 -0.000000 0.999490 0.031919 -0.000000 0.211260 -0.031919 0.999490 0.000000 0.059226 0.000000 0.000000 0.000000 1.000000
0.000000 -0.000000 1.000000 0.000000 0.999490 0.031919 -0.000000 0.211260 -0.031919 0.999490 0.000000 0.059226 0.000000 0.000000 0.000000 1.000000
0.000000 -0.000000 1.000000 0.000000 0.999490 0.031919 -0.000000 0.211260 -0.031919 0.999490 -0.000000 0.059226 0.000000 0.000000 0.000000 1.000000
0.000000 0.000000 1.000000 0.000000 0.999490 0.031919 -0.000000 0.211260 -0.031919 0.999490 0.000000 0.059226 0.000000 0.000000 0.000000 1.000000
0.000000 -0.000000 1.000000 -0.000000 0.999490 0.031919 -0.000000 0.211260 -0.031919 0.999490 -0.000000 0.059226 0.000000 0.000000 0.000000 1.000000
0.000000 -0.000000 1.000000 -0.000000 0.999490 0.031919 -0.000000 0.211260 -0.031919 0.999490 -0.000000 0.059226 0.000000 0.000000 0.000000 1.000000
0.000000 -0.000000 1.000000 0.000000 0.999490 0.031919 -0.000000 0.211260 -0.031919 0.999490 0.000000 0.059226 0.000000 0.000000 0.000000 1.000000
0.000000 -0.000000 1.000000 0.000000 0.999490 0.031919 -0.000000 0.211260 -0.031919 0.999490 0.000000 0.059226 0.000000 0.000000 0.000000 1.000000
0.000000 -0.000000 1.000000 0.000000 0.999490 0.031919 -0.000000 0.211260 -0.031919 0.999490 0.000000 0.059226 0.000000 0.000000 0.000000 1.000000
0.000000 -0.000000 1.000000 0.000000 0.999490 0.031919 -0.000000 0.211260 -0.031919 0.999490 0.000000 0.059226 0.000000 0.000000 0.000000 1.000000
0.000000 -0.000000 1.000000 0.000000 0.999490 0.031919 -0.000000 0.211260 -0.031919 0.999490 0.000000 0.059226 0.000000 0.000000 0.000000 1.000000
0.000000 -0.000000 1.000000 0.000000 0.999490 0.031919 -0.000000 0.211260 -0.031919 0.999490 0.000000 0.059226 0.000000 0.000000 0.000000 1.000000
0.000000 0.000000 1.000000 -0.000000 0.999490 0.031919 -0.000000 0.211260 -0.031919 0.999490 0.000000 0.059226 0.000000 0.000000 0.000000 1.000000
0.000000 0.000000 1.000000 -0.000000 0.999490 0.031919 -0.000000 0.211260 -0.031919 0.999490 -0.000000 0.059226 0.000000 0.000000 0.000000 1.000000
0.000000 -0.000000 1.000000 0.000000 0.999490 0.031919 -0.000000 0.211260 -0.031919 0.999490 0.000000 0.059226 0.000000 0.000000 0.000000 1.000000
0.000000 -0.000000 1.000000 0.000000 0.999490 0.031919 -0.000000 0.211260 -0.031919 0.999490 -0.000000 0.059226 0.000000 0.000000 0.000000 1.000000
0.000000 -0.000000 1.000000 0.000000 0.999490 0.031919 -0.000000 0.211260 -0.031919 0.999490 0.000000 0.059226 0.000000 0.000000 0.000000 1.000000</float_array><technique_common><accessor source="#Spine_01-Matrix-animation-output-transform-array" count="37" stride="16"><param type="float4x4"/></accessor></technique_common></source><source id="Spine_01-Interpolations"><Name_array id="Spine_01-Interpolations-array" count="37">
 LINEAR LINEAR LINEAR LINEAR LINEAR LINEAR LINEAR LINEAR LINEAR LINEAR LINEAR
LINEAR LINEAR LINEAR LINEAR LINEAR LINEAR LINEAR LINEAR LINEAR LINEAR LINEAR LINEAR
LINEAR LINEAR LINEAR LINEAR LINEAR LINEAR LINEAR LINEAR LINEAR LINEAR LINEAR LINEAR
LINEAR LINEAR</Name_array><technique_common><accessor source="#Spine_01-Interpolations-array" count="37"><param type="name"/></accessor></technique_common></source><sampler id="Spine_01-Matrix-animation-transform"><input semantic="INPUT" source="#Spine_01-Matrix-animation-input"/><input semantic="OUTPUT" source="#Spine_01-Matrix-animation-output-transform"/><input semantic="INTERPOLATION" source="#Spine_01-Interpolations"/></sampler><channel source="#Spine_01-Matrix-animation-transform" target="Spine_01/matrix"/></animation></animation>
    <animation id="Spine_02-anim" name="Spine_02"><animation><source id="Spine_02-Matrix-animation-input"><float_array id="Spine_02-Matrix-animation-input-array" count="37">

0.041667 0.083333 0.125000 0.166667 0.208333 0.250000 0.291667 0.333333 0.375000 0.416667 0.458333 0.500000 0.541667 0.583333 0.625000 0.666667
0.708333 0.750000 0.791667 0.833333 0.875000 0.916667 0.958333 1.000000 1.041667 1.083333 1.125000 1.166667 1.208333 1.250000 1.291667 1.333333
1.375000 1.416667 1.458333 1.500000 1.541667</float_array><technique_common><accessor source="#Spine_02-Matrix-animation-input-array" count="37"><param name="TIME" type="float"/></accessor></technique_common></source><source id="Spine_02-Matrix-animation-output-transform"><float_array id="Spine_02-Matrix-animation-output-transform-array" count="592">

0.976719 0.214524 -0.000000 0.204170 -0.214524 0.976719 0.000000 -0.000000 0.000000 -0.000000 1.000000 -0.000000 0.000000 0.000000 0.000000 1.000000
0.976719 0.214524 -0.000000 0.204170 -0.214524 0.976719 0.000000 -0.000000 0.000000 -0.000000 1.000000 -0.000000 0.000000 0.000000 0.000000 1.000000
0.976719 0.214524 -0.000000 0.204170 -0.214524 0.976719 0.000000 -0.000000 0.000000 -0.000000 1.000000 -0.000000 0.000000 0.000000 0.000000 1.000000
0.976719 0.214524 -0.000000 0.204170 -0.214524 0.976719 0.000000 -0.000000 0.000000 0.000000 1.000000 -0.000000 0.000000 0.000000 0.000000 1.000000
0.976719 0.214524 -0.000000 0.204170 -0.214524 0.976719 0.000000 -0.000000 0.000000 -0.000000 1.000000 -0.000000 0.000000 0.000000 0.000000 1.000000
0.976719 0.214524 -0.000000 0.204170 -0.214524 0.976719 0.000000 -0.000000 0.000000 -0.000000 1.000000 -0.000000 0.000000 0.000000 0.000000 1.000000
0.976719 0.214524 -0.000000 0.204170 -0.214524 0.976719 0.000000 -0.000000 0.000000 -0.000000 1.000000 -0.000000 0.000000 0.000000 0.000000 1.000000
0.976719 0.214524 -0.000000 0.204170 -0.214524 0.976719 0.000000 -0.000000 0.000000 -0.000000 1.000000 0.000000 0.000000 0.000000 0.000000 1.000000
0.976719 0.214524 -0.000000 0.204170 -0.214524 0.976719 0.000000 -0.000000 0.000000 -0.000000 1.000000 -0.000000 0.000000 0.000000 0.000000 1.000000
0.976719 0.214524 -0.000000 0.204170 -0.214524 0.976719 0.000000 -0.000000 0.000000 0.000000 1.000000 0.000000 0.000000 0.000000 0.000000 1.000000
0.976719 0.214524 -0.000000 0.204170 -0.214524 0.976719 0.000000 0.000000 0.000000 0.000000 1.000000 0.000000 0.000000 0.000000 0.000000 1.000000
0.976719 0.214524 -0.000000 0.204170 -0.214524 0.976719 0.000000 0.000000 0.000000 -0.000000 1.000000 0.000000 0.000000 0.000000 0.000000 1.000000
0.976719 0.214524 -0.000000 0.204170 -0.214524 0.976719 0.000000 0.000000 0.000000 -0.000000 1.000000 -0.000000 0.000000 0.000000 0.000000 1.000000
0.976719 0.214524 -0.000000 0.204170 -0.214524 0.976719 0.000000 -0.000000 0.000000 -0.000000 1.000000 -0.000000 0.000000 0.000000 0.000000 1.000000
0.976719 0.214524 -0.000000 0.204170 -0.214524 0.976719 0.000000 0.000000 0.000000 -0.000000 1.000000 0.000000 0.000000 0.000000 0.000000 1.000000
0.976719 0.214524 -0.000000 0.204170 -0.214524 0.976719 0.000000 -0.000000 0.000000 -0.000000 1.000000 -0.000000 0.000000 0.000000 0.000000 1.000000
0.976719 0.214524 -0.000000 0.204170 -0.214524 0.976719 0.000000 0.000000 0.000000 -0.000000 1.000000 -0.000000 0.000000 0.000000 0.000000 1.000000
0.976719 0.214524 -0.000000 0.204170 -0.214524 0.976719 0.000000 -0.000000 0.000000 -0.000000 1.000000 -0.000000 0.000000 0.000000 0.000000 1.000000
0.976719 0.214524 -0.000000 0.204170 -0.214524 0.976719 0.000000 -0.000000 0.000000 0.000000 1.000000 -0.000000 0.000000 0.000000 0.000000 1.000000
0.976719 0.214524 0.000000 0.204170 -0.214524 0.976719 0.000000 0.000000 -0.000000 -0.000000 1.000000 0.000000 0.000000 0.000000 0.000000 1.000000
0.976719 0.214524 -0.000000 0.204170 -0.214524 0.976719 0.000000 0.000000 0.000000 -0.000000 1.000000 -0.000000 0.000000 0.000000 0.000000 1.000000
0.976719 0.214524 -0.000000 0.204170 -0.214524 0.976719 0.000000 -0.000000 0.000000 -0.000000 1.000000 0.000000 0.000000 0.000000 0.000000 1.000000
0.976719 0.214524 -0.000000 0.204170 -0.214524 0.976719 0.000000 0.000000 0.000000 -0.000000 1.000000 -0.000000 0.000000 0.000000 0.000000 1.000000
0.976719 0.214524 -0.000000 0.204170 -0.214524 0.976719 0.000000 0.000000 0.000000 -0.000000 1.000000 -0.000000 0.000000 0.000000 0.000000 1.000000
0.976719 0.214524 -0.000000 0.204170 -0.214524 0.976719 0.000000 0.000000 0.000000 0.000000 1.000000 -0.000000 0.000000 0.000000 0.000000 1.000000
0.976719 0.214524 -0.000000 0.204170 -0.214524 0.976719 0.000000 -0.000000 0.000000 -0.000000 1.000000 0.000000 0.000000 0.000000 0.000000 1.000000
0.976719 0.214524 -0.000000 0.204170 -0.214524 0.976719 0.000000 0.000000 0.000000 0.000000 1.000000 -0.000000 0.000000 0.000000 0.000000 1.000000
0.976719 0.214524 -0.000000 0.204170 -0.214524 0.976719 0.000000 0.000000 0.000000 0.000000 1.000000 -0.000000 0.000000 0.000000 0.000000 1.000000
0.976719 0.214524 0.000000 0.204170 -0.214524 0.976719 0.000000 0.000000 -0.000000 -0.000000 1.000000 -0.000000 0.000000 0.000000 0.000000 1.000000
0.976719 0.214524 -0.000000 0.204170 -0.214524 0.976719 0.000000 0.000000 0.000000 -0.000000 1.000000 0.000000 0.000000 0.000000 0.000000 1.000000
0.976719 0.214524 -0.000000 0.204170 -0.214524 0.976719 0.000000 -0.000000 0.000000 0.000000 1.000000 -0.000000 0.000000 0.000000 0.000000 1.000000
0.976719 0.214524 -0.000000 0.204170 -0.214524 0.976719 0.000000 0.000000 0.000000 -0.000000 1.000000 0.000000 0.000000 0.000000 0.000000 1.000000
0.976719 0.214524 -0.000000 0.204170 -0.214524 0.976719 0.000000 -0.000000 0.000000 -0.000000 1.000000 -0.000000 0.000000 0.000000 0.000000 1.000000
0.976719 0.214524 -0.000000 0.204170 -0.214524 0.976719 0.000000 -0.000000 0.000000 0.000000 1.000000 0.000000 0.000000 0.000000 0.000000 1.000000
0.976719 0.214524 -0.000000 0.204170 -0.214524 0.976719 0.000000 -0.000000 0.000000 -0.000000 1.000000 -0.000000 0.000000 0.000000 0.000000 1.000000
0.976719 0.214524 -0.000000 0.204170 -0.214524 0.976719 0.000000 -0.000000 0.000000 -0.000000 1.000000 -0.000000 0.000000 0.000000 0.000000 1.000000
0.976719 0.214524 -0.000000 0.204170 -0.214524 0.976719 0.000000 -0.000000 0.000000 0.000000 1.000000 -0.000000 0.000000 0.000000 0.000000 1.000000</float_array><technique_common><accessor source="#Spine_02-Matrix-animation-output-transform-array" count="37" stride="16"><param type="float4x4"/></accessor></technique_common></source><source id="Spine_02-Interpolations"><Name_array id="Spine_02-Interpolations-array" count="37">
 LINEAR LINEAR LINEAR LINEAR LINEAR LINEAR LINEAR LINEAR LINEAR LINEAR LINEAR
LINEAR LINEAR LINEAR LINEAR LINEAR LINEAR LINEAR LINEAR LINEAR LINEAR LINEAR LINEAR
LINEAR LINEAR LINEAR LINEAR LINEAR LINEAR LINEAR LINEAR LINEAR LINEAR LINEAR LINEAR
LINEAR LINEAR</Name_array><technique_common><accessor source="#Spine_02-Interpolations-array" count="37"><param type="name"/></accessor></technique_common></source><sampler id="Spine_02-Matrix-animation-transform"><input semantic="INPUT" source="#Spine_02-Matrix-animation-input"/><input semantic="OUTPUT" source="#Spine_02-Matrix-animation-output-transform"/><input semantic="INTERPOLATION" source="#Spine_02-Interpolations"/></sampler><channel source="#Spine_02-Matrix-animation-transform" target="Spine_02/matrix"/></animation></animation>
    <animation id="Spine_03-anim" name="Spine_03"><animation><source id="Spine_03-Matrix-animation-input"><float_array id="Spine_03-Matrix-animation-input-array" count="37">

0.041667 0.083333 0.125000 0.166667 0.208333 0.250000 0.291667 0.333333 0.375000 0.416667 0.458333 0.500000 0.541667 0.583333 0.625000 0.666667
0.708333 0.750000 0.791667 0.833333 0.875000 0.916667 0.958333 1.000000 1.041667 1.083333 1.125000 1.166667 1.208333 1.250000 1.291667 1.333333
1.375000 1.416667 1.458333 1.500000 1.541667</float_array><technique_common><accessor source="#Spine_03-Matrix-animation-input-array" count="37"><param name="TIME" type="float"/></accessor></technique_common></source><source id="Spine_03-Matrix-animation-output-transform"><float_array id="Spine_03-Matrix-animation-output-transform-array" count="592">

0.968924 0.242104 -0.050712 0.299514 0.246815 -0.932689 0.263011 0.000000 0.016378 -0.267354 -0.963459 -0.000000 0.000000 0.000000 0.000000 1.000000
0.968894 0.242590 -0.048934 0.299514 0.246930 -0.934549 0.256210 0.000000 0.016423 -0.260323 -0.965382 -0.000000 0.000000 0.000000 0.000000 1.000000
0.968813 0.243829 -0.044153 0.299514 0.247242 -0.939290 0.237918 0.000000 0.016539 -0.241414 -0.970281 -0.000000 0.000000 0.000000 0.000000 1.000000
0.968694 0.245458 -0.037189 0.299514 0.247697 -0.945520 0.211280 0.000000 0.016697 -0.213877 -0.976718 -0.000000 0.000000 0.000000 0.000000 1.000000
0.968551 0.247132 -0.028878 0.299514 0.248241 -0.951925 0.179486 0.000000 0.016867 -0.181010 -0.983337 -0.000000 0.000000 0.000000 0.000000 1.000000
0.968400 0.248592 -0.020079 0.299514 0.248820 -0.957510 0.145821 0.000000 0.017024 -0.146210 -0.989107 -0.000000 0.000000 0.000000 0.000000 1.000000
0.968255 0.249691 -0.011672 0.299514 0.249374 -0.961714 0.113663 0.000000 0.017155 -0.112965 -0.993451 -0.000000 0.000000 0.000000 0.000000 1.000000
0.968132 0.250398 -0.004557 0.299514 0.249845 -0.964420 0.086440 0.000000 0.017250 -0.084824 -0.996247 -0.000000 0.000000 0.000000 0.000000 1.000000
0.968047 0.250769 0.000369 0.299514 0.250171 -0.965839 0.067598 0.000000 0.017308 -0.065346 -0.997713 0.000000 0.000000 0.000000 0.000000 1.000000
0.968015 0.250883 0.002208 0.299514 0.250293 -0.966274 0.060560 0.000000 0.017327 -0.058070 -0.998162 -0.000000 0.000000 0.000000 0.000000 1.000000
0.968015 0.250883 0.002208 0.299514 0.250293 -0.966274 0.060560 0.000000 0.017327 -0.058070 -0.998162 -0.000000 0.000000 0.000000 0.000000 1.000000
0.968015 0.250883 0.002208 0.299514 0.250293 -0.966274 0.060560 0.000000 0.017327 -0.058070 -0.998162 0.000000 0.000000 0.000000 0.000000 1.000000
0.968015 0.250883 0.002208 0.299514 0.250293 -0.966274 0.060560 0.000000 0.017327 -0.058070 -0.998162 0.000000 0.000000 0.000000 0.000000 1.000000
0.968015 0.250883 0.002208 0.299514 0.250293 -0.966274 0.060560 0.000000 0.017327 -0.058070 -0.998162 0.000000 0.000000 0.000000 0.000000 1.000000
0.968015 0.250883 0.002208 0.299514 0.250293 -0.966274 0.060560 0.000000 0.017327 -0.058070 -0.998162 -0.000000 0.000000 0.000000 0.000000 1.000000
0.968015 0.250883 0.002208 0.299514 0.250293 -0.966274 0.060560 0.000000 0.017327 -0.058070 -0.998162 0.000000 0.000000 0.000000 0.000000 1.000000
0.968015 0.250883 0.002208 0.299514 0.250293 -0.966274 0.060560 0.000000 0.017327 -0.058070 -0.998162 -0.000000 0.000000 0.000000 0.000000 1.000000
0.968015 0.250883 0.002208 0.299514 0.250293 -0.966274 0.060560 0.000000 0.017327 -0.058070 -0.998162 -0.000000 0.000000 0.000000 0.000000 1.000000
0.968015 0.250883 0.002208 0.299514 0.250293 -0.966274 0.060560 0.000000 0.017327 -0.058070 -0.998162 -0.000000 0.000000 0.000000 0.000000 1.000000
0.968015 0.250883 0.002208 0.299514 0.250293 -0.966274 0.060560 0.000000 0.017327 -0.058070 -0.998162 -0.000000 0.000000 0.000000 0.000000 1.000000
0.968015 0.250883 0.002208 0.299514 0.250293 -0.966274 0.060560 0.000000 0.017327 -0.058070 -0.998162 -0.000000 0.000000 0.000000 0.000000 1.000000
0.968015 0.250883 0.002208 0.299514 0.250293 -0.966274 0.060560 0.000000 0.017327 -0.058070 -0.998162 0.000000 0.000000 0.000000 0.000000 1.000000
0.968015 0.250883 0.002208 0.299514 0.250293 -0.966274 0.060560 0.000000 0.017327 -0.058070 -0.998162 -0.000000 0.000000 0.000000 0.000000 1.000000
0.968015 0.250883 0.002208 0.299514 0.250293 -0.966274 0.060560 0.000000 0.017327 -0.058070 -0.998162 0.000000 0.000000 0.000000 0.000000 1.000000
0.968015 0.250883 0.002208 0.299514 0.250293 -0.966274 0.060560 0.000000 0.017327 -0.058070 -0.998162 -0.000000 0.000000 0.000000 0.000000 1.000000
0.968015 0.250883 0.002208 0.299514 0.250293 -0.966274 0.060560 0.000000 0.017327 -0.058070 -0.998162 -0.000000 0.000000 0.000000 0.000000 1.000000
0.968015 0.250883 0.002208 0.299514 0.250293 -0.966274 0.060560 -0.000000 0.017327 -0.058070 -0.998162 -0.000000 0.000000 0.000000 0.000000 1.000000
0.968015 0.250883 0.002208 0.299514 0.250293 -0.966274 0.060560 0.000000 0.017327 -0.058070 -0.998162 -0.000000 0.000000 0.000000 0.000000 1.000000
0.968015 0.250883 0.002208 0.299514 0.250293 -0.966274 0.060560 0.000000 0.017327 -0.058070 -0.998162 -0.000000 0.000000 0.000000 0.000000 1.000000
0.968015 0.250883 0.002208 0.299514 0.250293 -0.966274 0.060560 0.000000 0.017327 -0.058070 -0.998162 -0.000000 0.000000 0.000000 0.000000 1.000000
0.968015 0.250883 0.002208 0.299514 0.250293 -0.966274 0.060560 0.000000 0.017327 -0.058070 -0.998162 -0.000000 0.000000 0.000000 0.000000 1.000000
0.968015 0.250883 0.002208 0.299514 0.250293 -0.966274 0.060560 0.000000 0.017327 -0.058070 -0.998162 -0.000000 0.000000 0.000000 0.000000 1.000000
0.968015 0.250883 0.002208 0.299514 0.250293 -0.966274 0.060560 0.000000 0.017327 -0.058070 -0.998162 0.000000 0.000000 0.000000 0.000000 1.000000
0.968015 0.250883 0.002208 0.299514 0.250293 -0.966274 0.060560 0.000000 0.017327 -0.058070 -0.998162 -0.000000 0.000000 0.000000 0.000000 1.000000
0.968015 0.250883 0.002208 0.299514 0.250293 -0.966274 0.060560 0.000000 0.017327 -0.058070 -0.998162 -0.000000 0.000000 0.000000 0.000000 1.000000
0.968015 0.250883 0.002208 0.299514 0.250293 -0.966274 0.060560 0.000000 0.017327 -0.058070 -0.998162 -0.000000 0.000000 0.000000 0.000000 1.000000
0.968015 0.250883 0.002208 0.299514 0.250293 -0.966274 0.060560 0.000000 0.017327 -0.058070 -0.998162 -0.000000 0.000000 0.000000 0.000000 1.000000</float_array><technique_common><accessor source="#Spine_03-Matrix-animation-output-transform-array" count="37" stride="16"><param type="float4x4"/></accessor></technique_common></source><source id="Spine_03-Interpolations"><Name_array id="Spine_03-Interpolations-array" count="37">
 LINEAR LINEAR LINEAR LINEAR LINEAR LINEAR LINEAR LINEAR LINEAR LINEAR LINEAR
LINEAR LINEAR LINEAR LINEAR LINEAR LINEAR LINEAR LINEAR LINEAR LINEAR LINEAR LINEAR
LINEAR LINEAR LINEAR LINEAR LINEAR LINEAR LINEAR LINEAR LINEAR LINEAR LINEAR LINEAR
LINEAR LINEAR</Name_array><technique_common><accessor source="#Spine_03-Interpolations-array" count="37"><param type="name"/></accessor></technique_common></source><sampler id="Spine_03-Matrix-animation-transform"><input semantic="INPUT" source="#Spine_03-Matrix-animation-input"/><input semantic="OUTPUT" source="#Spine_03-Matrix-animation-output-transform"/><input semantic="INTERPOLATION" source="#Spine_03-Interpolations"/></sampler><channel source="#Spine_03-Matrix-animation-transform" target="Spine_03/matrix"/></animation></animation>
    <animation id="Head-anim" name="Head"><animation><source id="Head-Matrix-animation-input"><float_array id="Head-Matrix-animation-input-array" count="37">

0.041667 0.083333 0.125000 0.166667 0.208333 0.250000 0.291667 0.333333 0.375000 0.416667 0.458333 0.500000 0.541667 0.583333 0.625000 0.666667
0.708333 0.750000 0.791667 0.833333 0.875000 0.916667 0.958333 1.000000 1.041667 1.083333 1.125000 1.166667 1.208333 1.250000 1.291667 1.333333
1.375000 1.416667 1.458333 1.500000 1.541667</float_array><technique_common><accessor source="#Head-Matrix-animation-input-array" count="37"><param name="TIME" type="float"/></accessor></technique_common></source><source id="Head-Matrix-animation-output-transform"><float_array id="Head-Matrix-animation-output-transform-array" count="592">

0.969585 -0.243946 0.019883 0.133559 0.244740 0.965398 -0.090053 0.000000 0.002773 0.092180 0.995738 0.000000 0.000000 0.000000 0.000000 1.000000
0.969435 -0.244867 0.015377 0.133559 0.245312 0.966273 -0.078353 0.000000 0.004328 0.079730 0.996807 0.000000 0.000000 0.000000 0.000000 1.000000
0.969009 -0.247006 0.003003 0.133559 0.246877 0.967939 -0.046331 0.000000 0.008537 0.045637 0.998922 0.000000 0.000000 0.000000 0.000000 1.000000
0.968343 -0.249143 -0.015512 0.133559 0.249193 0.968453 0.001367 0.000000 0.014682 -0.005189 0.999879 0.000000 0.000000 0.000000 0.000000 1.000000
0.967475 -0.250046 -0.038336 0.133559 0.252006 0.965867 0.059954 0.000000 0.022036 -0.067665 0.997465 0.000000 0.000000 0.000000 0.000000 1.000000
0.966461 -0.248838 -0.063499 0.133559 0.255064 0.958879 0.124471 0.000000 0.029915 -0.136493 0.990189 0.000000 0.000000 0.000000 0.000000 1.000000
0.965373 -0.245236 -0.088963 0.133559 0.258135 0.947262 0.189897 0.000000 0.037701 -0.206286 0.977765 0.000000 0.000000 0.000000 0.000000 1.000000
0.964288 -0.239655 -0.112761 0.133559 0.261031 0.932035 0.251344 0.000000 0.044861 -0.271802 0.961307 0.000000 0.000000 0.000000 0.000000 1.000000
0.963281 -0.233160 -0.133141 0.133559 0.263620 0.915392 0.304241 0.000000 0.050939 -0.328168 0.943245 0.000000 0.000000 0.000000 0.000000 1.000000
0.962418 -0.227291 -0.148629 0.133559 0.265832 0.900394 0.344418 0.000000 0.055542 -0.370984 0.926977 0.000000 0.000000 0.000000 0.000000 1.000000
0.961589 -0.222268 -0.161072 0.133559 0.268030 0.886897 0.376264 0.000000 0.059223 -0.404983 0.912404 0.000000 0.000000 0.000000 0.000000 1.000000
0.960680 -0.217182 -0.172989 0.133559 0.270485 0.872719 0.406446 0.000000 0.062698 -0.437256 0.897149 0.000000 0.000000 0.000000 0.000000 1.000000
0.959742 -0.212111 -0.184129 0.133559 0.273048 0.858285 0.434501 0.000000 0.065873 -0.467285 0.881649 0.000000 0.000000 0.000000 0.000000 1.000000
0.958820 -0.207173 -0.194276 0.133559 0.275584 0.844070 0.459999 0.000000 0.068684 -0.494596 0.866405 -0.000000 0.000000 0.000000 0.000000 1.000000
0.957955 -0.202519 -0.203246 0.133559 0.277974 0.830588 0.482549 0.000000 0.071089 -0.518757 0.851961 0.000000 0.000000 0.000000 0.000000 1.000000
0.957181 -0.198324 -0.210884 0.133559 0.280117 0.818380 0.501785 0.000000 0.073068 -0.539371 0.838892 0.000000 0.000000 0.000000 0.000000 1.000000
0.956531 -0.194771 -0.217056 0.133559 0.281926 0.807996 0.517360 0.000000 0.074613 -0.556064 0.827784 0.000000 0.000000 0.000000 0.000000 1.000000
0.956031 -0.192045 -0.221637 0.133559 0.283320 0.799974 0.528934 0.000000 0.075725 -0.568472 0.819210 0.000000 0.000000 0.000000 0.000000 1.000000
0.955710 -0.190312 -0.224499 0.133559 0.284221 0.794828 0.536159 0.000000 0.076401 -0.576220 0.813716 0.000000 0.000000 0.000000 0.000000 1.000000
0.955596 -0.189710 -0.225493 0.133559 0.284543 0.793021 0.538658 0.000000 0.076632 -0.578902 0.811788 0.000000 0.000000 0.000000 0.000000 1.000000
0.955596 -0.189710 -0.225493 0.133559 0.284543 0.793021 0.538658 0.000000 0.076632 -0.578902 0.811788 0.000000 0.000000 0.000000 0.000000 1.000000
0.955596 -0.189710 -0.225493 0.133559 0.284543 0.793021 0.538658 0.000000 0.076632 -0.578902 0.811788 0.000000 0.000000 0.000000 0.000000 1.000000
0.955596 -0.189710 -0.225493 0.133559 0.284543 0.793021 0.538658 0.000000 0.076632 -0.578902 0.811788 0.000000 0.000000 0.000000 0.000000 1.000000
0.955596 -0.189710 -0.225493 0.133559 0.284543 0.793021 0.538658 0.000000 0.076632 -0.578902 0.811788 0.000000 0.000000 0.000000 0.000000 1.000000
0.955596 -0.189710 -0.225493 0.133559 0.284543 0.793021 0.538658 0.000000 0.076632 -0.578902 0.811788 0.000000 0.000000 0.000000 0.000000 1.000000
0.955596 -0.189710 -0.225493 0.133559 0.284543 0.793021 0.538658 0.000000 0.076632 -0.578902 0.811788 0.000000 0.000000 0.000000 0.000000 1.000000
0.955596 -0.189710 -0.225493 0.133559 0.284543 0.793021 0.538658 0.000000 0.076632 -0.578902 0.811788 -0.000000 0.000000 0.000000 0.000000 1.000000
0.955596 -0.189710 -0.225493 0.133559 0.284543 0.793021 0.538658 0.000000 0.076632 -0.578902 0.811788 0.000000 0.000000 0.000000 0.000000 1.000000
0.955596 -0.189710 -0.225493 0.133559 0.284543 0.793021 0.538658 0.000000 0.076632 -0.578902 0.811788 0.000000 0.000000 0.000000 0.000000 1.000000
0.955596 -0.189710 -0.225493 0.133559 0.284543 0.793021 0.538658 0.000000 0.076632 -0.578902 0.811788 0.000000 0.000000 0.000000 0.000000 1.000000
0.955596 -0.189710 -0.225493 0.133559 0.284543 0.793021 0.538658 0.000000 0.076632 -0.578902 0.811788 0.000000 0.000000 0.000000 0.000000 1.000000
0.955596 -0.189710 -0.225493 0.133559 0.284543 0.793021 0.538658 0.000000 0.076632 -0.578902 0.811788 0.000000 0.000000 0.000000 0.000000 1.000000
0.955596 -0.189710 -0.225493 0.133559 0.284543 0.793021 0.538658 0.000000 0.076632 -0.578902 0.811788 0.000000 0.000000 0.000000 0.000000 1.000000
0.955596 -0.189710 -0.225493 0.133559 0.284543 0.793021 0.538658 0.000000 0.076632 -0.578902 0.811788 0.000000 0.000000 0.000000 0.000000 1.000000
0.955596 -0.189710 -0.225493 0.133559 0.284543 0.793021 0.538658 0.000000 0.076632 -0.578902 0.811788 0.000000 0.000000 0.000000 0.000000 1.000000
0.955596 -0.189710 -0.225493 0.133559 0.284543 0.793021 0.538658 0.000000 0.076632 -0.578902 0.811788 0.000000 0.000000 0.000000 0.000000 1.000000
0.955596 -0.189710 -0.225493 0.133559 0.284543 0.793021 0.538658 0.000000 0.076632 -0.578902 0.811788 0.000000 0.000000 0.000000 0.000000 1.000000</float_array><technique_common><accessor source="#Head-Matrix-animation-output-transform-array" count="37" stride="16"><param type="float4x4"/></accessor></technique_common></source><source id="Head-Interpolations"><Name_array id="Head-Interpolations-array" count="37">
 LINEAR LINEAR LINEAR LINEAR LINEAR LINEAR LINEAR LINEAR LINEAR LINEAR LINEAR
LINEAR LINEAR LINEAR LINEAR LINEAR LINEAR LINEAR LINEAR LINEAR LINEAR LINEAR LINEAR
LINEAR LINEAR LINEAR LINEAR LINEAR LINEAR LINEAR LINEAR LINEAR LINEAR LINEAR LINEAR
LINEAR LINEAR</Name_array><technique_common><accessor source="#Head-Interpolations-array" count="37"><param type="name"/></accessor></technique_common></source><sampler id="Head-Matrix-animation-transform"><input semantic="INPUT" source="#Head-Matrix-animation-input"/><input semantic="OUTPUT" source="#Head-Matrix-animation-output-transform"/><input semantic="INTERPOLATION" source="#Head-Interpolations"/></sampler><channel source="#Head-Matrix-animation-transform" target="Head/matrix"/></animation></animation>
    <animation id="M_Hair_Jnt_0-anim" name="M_Hair_Jnt_0"><animation><source id="M_Hair_Jnt_0-Matrix-animation-input"><float_array id="M_Hair_Jnt_0-Matrix-animation-input-array" count="37">

0.041667 0.083333 0.125000 0.166667 0.208333 0.250000 0.291667 0.333333 0.375000 0.416667 0.458333 0.500000 0.541667 0.583333 0.625000 0.666667
0.708333 0.750000 0.791667 0.833333 0.875000 0.916667 0.958333 1.000000 1.041667 1.083333 1.125000 1.166667 1.208333 1.250000 1.291667 1.333333
1.375000 1.416667 1.458333 1.500000 1.541667</float_array><technique_common><accessor source="#M_Hair_Jnt_0-Matrix-animation-input-array" count="37"><param name="TIME" type="float"/></accessor></technique_common></source><source id="M_Hair_Jnt_0-Matrix-animation-output-transform"><float_array id="M_Hair_Jnt_0-Matrix-animation-output-transform-array" count="592">

-0.571645 0.820489 -0.004443 0.191574 0.807504 0.563541 0.174238 0.208364 0.145464 0.096015 -0.984694 -0.007597 0.000000 0.000000 0.000000 1.000000
-0.571645 0.820489 -0.004441 0.191574 0.807504 0.563542 0.174233 0.208364 0.145459 0.096013 -0.984694 -0.007597 0.000000 0.000000 0.000000 1.000000
-0.571646 0.820488 -0.004437 0.191574 0.807506 0.563544 0.174219 0.208364 0.145445 0.096008 -0.984697 -0.007597 0.000000 0.000000 0.000000 1.000000
-0.571647 0.820488 -0.004431 0.191574 0.807509 0.563546 0.174197 0.208364 0.145424 0.096001 -0.984701 -0.007597 0.000000 0.000000 0.000000 1.000000
-0.571648 0.820487 -0.004423 0.191574 0.807513 0.563548 0.174170 0.208364 0.145397 0.095992 -0.984706 -0.007597 0.000000 0.000000 0.000000 1.000000
-0.571649 0.820486 -0.004415 0.191574 0.807518 0.563551 0.174140 0.208364 0.145368 0.095982 -0.984711 -0.007597 0.000000 0.000000 0.000000 1.000000
-0.571650 0.820486 -0.004406 0.191574 0.807523 0.563554 0.174110 0.208364 0.145338 0.095972 -0.984716 -0.007597 0.000000 0.000000 0.000000 1.000000
-0.571651 0.820485 -0.004398 0.191574 0.807528 0.563556 0.174081 0.208364 0.145309 0.095962 -0.984722 -0.007597 0.000000 0.000000 0.000000 1.000000
-0.571651 0.820485 -0.004390 0.191574 0.807532 0.563558 0.174055 0.208364 0.145284 0.095954 -0.984726 -0.007597 0.000000 0.000000 0.000000 1.000000
-0.571652 0.820485 -0.004385 0.191574 0.807535 0.563559 0.174036 0.208364 0.145265 0.095947 -0.984730 -0.007597 0.000000 0.000000 0.000000 1.000000
-0.571653 0.820484 -0.004380 0.191574 0.807537 0.563561 0.174020 0.208364 0.145250 0.095942 -0.984732 -0.007597 0.000000 0.000000 0.000000 1.000000
-0.571653 0.820484 -0.004376 0.191574 0.807539 0.563563 0.174006 0.208364 0.145235 0.095937 -0.984735 -0.007597 0.000000 0.000000 0.000000 1.000000
-0.571654 0.820483 -0.004372 0.191574 0.807541 0.563564 0.173992 0.208364 0.145221 0.095933 -0.984737 -0.007597 0.000000 0.000000 0.000000 1.000000
