<?xml version="1.0" encoding="utf-8"?>
<COLLADA xmlns="http://www.collada.org/2005/11/COLLADASchema" version="1.4.1">
  <asset><contributor><author></author><authoring_tool>FBX COLLADA exporter</authoring_tool><comments></comments></contributor><created>2014-01-04T01:26:49Z</created><keywords></keywords><modified>2014-01-04T01:26:49Z</modified><revision></revision><subject></subject><title></title><unit meter="0.010000" name="centimeter"></unit><up_axis>Y_UP</up_axis></asset>
  <library_animations>
    <animation id="Pelvis-anim" name="Pelvis"><animation><source id="Pelvis-Matrix-animation-input"><float_array id="Pelvis-Matrix-animation-input-array" count="27">

0.000000 0.041667 0.083333 0.125000 0.166667 0.208333 0.250000 0.291667 0.333333 0.375000 0.416667 0.458333 0.500000 0.541667 0.583333 0.625000
0.666667 0.708333 0.750000 0.791667 0.833333 0.875000 0.916667 0.958333 1.000000 1.041667 1.083333</float_array><technique_common><accessor source="#Pelvis-Matrix-animation-input-array" count="27"><param name="TIME" type="float"/></accessor></technique_common></source><source id="Pelvis-Matrix-animation-output-transform"><float_array id="Pelvis-Matrix-animation-output-transform-array" count="432">

0.995952 -0.006606 -0.089645 0.000000 0.000067 0.997350 -0.072757 2.018480 0.089888 0.072456 0.993313 0.066028 0.000000 0.000000 0.000000 1.000000
0.993174 -0.006901 -0.116441 -0.011696 -0.001596 0.997351 -0.072726 2.076314 0.116634 0.072415 0.990531 0.024486 0.000000 0.000000 0.000000 1.000000
0.978520 -0.006606 -0.206044 -0.023392 -0.008482 0.997350 -0.072261 2.134148 0.205976 0.072456 0.975871 -0.066907 0.000000 0.000000 0.000000 1.000000
0.919416 -0.005942 -0.393242 -0.022332 -0.023489 0.997271 -0.069987 2.047855 0.392585 0.073584 0.916767 -0.158301 0.000000 0.000000 0.000000 1.000000
0.824929 -0.006606 -0.565197 -0.019272 -0.035518 0.997350 -0.063498 1.919393 0.564119 0.072456 0.822508 -0.199843 0.000000 0.000000 0.000000 1.000000
0.770372 -0.006680 -0.637559 -0.014392 -0.040753 0.997385 -0.059692 1.848960 0.636291 0.071968 0.768085 -0.190785 0.000000 0.000000 0.000000 1.000000
0.752977 -0.006606 -0.658014 -0.007870 -0.042718 0.997350 -0.058896 1.796798 0.656659 0.072456 0.750699 -0.166200 0.000000 0.000000 0.000000 1.000000
0.756393 -0.003129 -0.654110 0.000112 -0.021439 0.999333 -0.029571 1.750560 0.653766 0.036391 0.755821 -0.129968 0.000000 0.000000 0.000000 1.000000
0.773945 0.000000 -0.633252 0.009375 0.000000 1.000000 0.000000 1.728219 0.633252 0.000000 0.773945 -0.085973 0.000000 0.000000 0.000000 1.000000
0.966795 0.000000 -0.255553 0.019740 0.000000 1.000000 0.000000 1.728812 0.255553 0.000000 0.966795 -0.038096 0.000000 0.000000 0.000000 1.000000
0.943915 0.000000 0.330189 0.031026 0.000000 1.000000 0.000000 1.730758 -0.330189 0.000000 0.943915 0.009781 0.000000 0.000000 0.000000 1.000000
0.803350 0.000000 0.595507 0.043055 0.000000 1.000000 0.000000 1.734306 -0.595507 0.000000 0.803350 0.053776 0.000000 0.000000 0.000000 1.000000
0.668351 0.000000 0.743846 0.055646 0.000000 1.000000 0.000000 1.739703 -0.743846 0.000000 0.668351 0.090007 0.000000 0.000000 0.000000 1.000000
0.555897 0.000000 0.831251 0.068619 0.000000 1.000000 0.000000 1.747200 -0.831251 0.000000 0.555897 0.114593 0.000000 0.000000 0.000000 1.000000
0.465151 0.000000 0.885231 0.081795 0.000000 1.000000 0.000000 1.757043 -0.885231 0.000000 0.465151 0.123651 0.000000 0.000000 0.000000 1.000000
0.350006 0.000000 0.936747 0.097043 0.000000 1.000000 0.000000 1.769484 -0.936747 0.000000 0.350006 0.120526 0.000000 0.000000 0.000000 1.000000
0.152658 0.000000 0.988279 0.161655 0.000000 1.000000 0.000000 1.784769 -0.988279 0.000000 0.152658 0.098656 0.000000 0.000000 0.000000 1.000000
-0.302058 0.000000 0.953290 0.338170 0.000000 1.000000 0.000000 1.844644 -0.953290 0.000000 -0.302058 -0.026624 0.000000 0.000000 0.000000 1.000000
-0.746785 0.000000 0.665065 0.529588 0.000000 1.000000 0.000000 1.896123 -0.665065 0.000000 -0.746785 -0.133157 0.000000 0.000000 0.000000 1.000000
-0.939004 0.000000 0.343905 0.664570 0.000000 1.000000 0.000000 1.861983 -0.343905 0.000000 -0.939004 -0.123553 0.000000 0.000000 0.000000 1.000000
-0.997961 0.000000 0.063828 0.728675 0.000000 1.000000 0.000000 1.827843 -0.063828 0.000000 -0.997961 -0.113949 0.000000 0.000000 0.000000 1.000000
-0.990733 0.000000 -0.135821 0.707320 0.000000 1.000000 0.000000 1.913815 0.135821 0.000000 -0.990733 -0.245678 0.000000 0.000000 0.000000 1.000000
-0.976302 0.000000 -0.216414 0.685965 0.000000 1.000000 0.000000 2.037909 0.216414 0.000000 -0.976302 -0.377407 0.000000 0.000000 0.000000 1.000000
-0.994492 0.000000 -0.104814 0.685965 0.000000 1.000000 0.000000 2.104428 0.104814 0.000000 -0.994492 -0.377407 0.000000 0.000000 0.000000 1.000000
-0.989666 0.000000 0.143391 0.685965 0.000000 1.000000 0.000000 2.132824 -0.143391 0.000000 -0.989666 -0.377407 0.000000 0.000000 0.000000 1.000000
-0.923848 0.016260 0.382414 0.685965 -0.000000 0.999097 -0.042480 2.132824 -0.382760 -0.039245 -0.923014 -0.377407 0.000000 0.000000 0.000000 1.000000
-0.874731 0.041135 0.482860 0.685965 -0.000000 0.996391 -0.084883 2.132824 -0.484609 -0.074250 -0.871574 -0.377407 0.000000 0.000000 0.000000 1.000000</float_array><technique_common><accessor source="#Pelvis-Matrix-animation-output-transform-array" count="27" stride="16"><param type="float4x4"/></accessor></technique_common></source><source id="Pelvis-Interpolations"><Name_array id="Pelvis-Interpolations-array" count="27">
 LINEAR LINEAR LINEAR LINEAR LINEAR LINEAR LINEAR LINEAR LINEAR LINEAR LINEAR
LINEAR LINEAR LINEAR LINEAR LINEAR LINEAR LINEAR LINEAR LINEAR LINEAR LINEAR LINEAR
LINEAR LINEAR LINEAR LINEAR</Name_array><technique_common><accessor source="#Pelvis-Interpolations-array" count="27"><param type="name"/></accessor></technique_common></source><sampler id="Pelvis-Matrix-animation-transform"><input semantic="INPUT" source="#Pelvis-Matrix-animation-input"/><input semantic="OUTPUT" source="#Pelvis-Matrix-animation-output-transform"/><input semantic="INTERPOLATION" source="#Pelvis-Interpolations"/></sampler><channel source="#Pelvis-Matrix-animation-transform" target="Pelvis/matrix"/></animation></animation>
    <animation id="Spine_01-anim" name="Spine_01"><animation><source id="Spine_01-Matrix-animation-input"><float_array id="Spine_01-Matrix-animation-input-array" count="27">

0.000000 0.041667 0.083333 0.125000 0.166667 0.208333 0.250000 0.291667 0.333333 0.375000 0.416667 0.458333 0.500000 0.541667 0.583333 0.625000
0.666667 0.708333 0.750000 0.791667 0.833333 0.875000 0.916667 0.958333 1.000000 1.041667 1.083333</float_array><technique_common><accessor source="#Spine_01-Matrix-animation-input-array" count="27"><param name="TIME" type="float"/></accessor></technique_common></source><source id="Spine_01-Matrix-animation-output-transform"><float_array id="Spine_01-Matrix-animation-output-transform-array" count="432">

0.000000 -0.000000 1.000000 -0.000000 0.997390 0.072196 -0.000000 0.211260 -0.072196 0.997390 0.000000 0.059226 0.000000 0.000000 0.000000 1.000000
0.008720 -0.027974 0.999571 -0.000000 0.999179 0.039794 -0.007602 0.211260 -0.039565 0.998816 0.028298 0.059226 0.000000 0.000000 0.000000 1.000000
0.021033 -0.096402 0.995120 0.000000 0.999193 -0.032055 -0.024224 0.211260 0.034233 0.994826 0.095650 0.059226 0.000000 0.000000 0.000000 1.000000
0.020907 -0.178832 0.983657 0.000000 0.993524 -0.106187 -0.040422 0.211260 0.111680 0.978133 0.175454 0.059226 0.000000 0.000000 0.000000 1.000000
0.009055 -0.245892 0.969255 0.000000 0.987596 -0.149750 -0.047217 0.211260 0.156756 0.957660 0.241486 0.059226 0.000000 0.000000 0.000000 1.000000
-0.006537 -0.299532 0.954064 0.000000 0.984830 -0.167367 -0.045798 0.211260 0.173397 0.939292 0.296082 0.059226 0.000000 0.000000 0.000000 1.000000
-0.024780 -0.351528 0.935849 0.000000 0.982009 -0.183859 -0.043060 0.211260 0.187201 0.917945 0.349760 0.059226 0.000000 0.000000 0.000000 1.000000
-0.042552 -0.389988 0.919836 -0.000000 0.978997 -0.200011 -0.039511 0.211260 0.199386 0.898836 0.390307 0.059226 0.000000 0.000000 0.000000 1.000000
-0.056215 -0.403994 0.913033 0.000000 0.975669 -0.216333 -0.035650 0.211260 0.211921 0.888813 0.406326 0.059226 0.000000 0.000000 0.000000 1.000000
-0.066437 -0.401765 0.913330 0.000000 0.972115 -0.232378 -0.031508 0.211260 0.224897 0.885768 0.406000 0.059226 0.000000 0.000000 0.000000 1.000000
-0.076101 -0.397402 0.914483 0.000000 0.968487 -0.247595 -0.027001 0.211260 0.237152 0.883611 0.403721 0.059226 0.000000 0.000000 0.000000 1.000000
-0.084461 -0.389088 0.917320 -0.000000 0.964789 -0.262075 -0.022330 0.211260 0.249096 0.883135 0.397523 0.059226 0.000000 0.000000 0.000000 1.000000
-0.090678 -0.374998 0.922580 0.000000 0.961031 -0.275875 -0.017677 0.211260 0.261145 0.885025 0.385400 0.059226 0.000000 0.000000 0.000000 1.000000
-0.093815 -0.353263 0.930808 -0.000000 0.957233 -0.289017 -0.013210 0.211260 0.273686 0.889761 0.365269 0.059226 0.000000 0.000000 0.000000 1.000000
-0.092822 -0.321929 0.942203 -0.000000 0.953419 -0.301512 -0.009093 0.211260 0.287013 0.897470 0.334920 0.059226 0.000000 0.000000 0.000000 1.000000
-0.086512 -0.278928 0.956407 0.000000 0.949612 -0.313379 -0.005497 0.211260 0.301252 0.907740 0.291984 0.059226 0.000000 0.000000 0.000000 1.000000
-0.073544 -0.222093 0.972248 0.000000 0.945822 -0.324676 -0.002621 0.211260 0.316248 0.919380 0.233939 0.059226 0.000000 0.000000 0.000000 1.000000
-0.052429 -0.149256 0.987408 -0.000000 0.942025 -0.335541 -0.000701 0.211260 0.331420 0.930126 0.158195 0.059226 0.000000 0.000000 0.000000 1.000000
-0.021581 -0.058474 0.998056 -0.000000 0.938143 -0.346247 -0.000000 0.211260 0.345574 0.936319 0.062330 0.059226 0.000000 0.000000 0.000000 1.000000
0.036225 0.094716 0.994845 0.000000 0.934019 -0.357223 0.000000 0.211260 0.355382 0.929204 -0.101407 0.059226 0.000000 0.000000 0.000000 1.000000
0.128715 0.324490 0.937090 0.000000 0.929541 -0.368720 0.000000 0.211260 0.345524 0.871064 -0.349087 0.059226 0.000000 0.000000 0.000000 1.000000
0.235883 0.572634 0.785143 -0.000000 0.924626 -0.380877 0.000000 0.211260 0.299043 0.725963 -0.619315 0.059226 0.000000 0.000000 0.000000 1.000000
0.331525 0.773761 0.539801 0.000000 0.919183 -0.393832 -0.000000 0.211260 0.212591 0.496175 -0.841793 0.059226 0.000000 0.000000 0.000000 1.000000
0.394957 0.884536 0.248205 0.000000 0.913109 -0.407716 0.000000 0.211260 0.101197 0.226638 -0.968708 0.059226 0.000000 0.000000 0.000000 1.000000
0.422566 0.906103 -0.020389 0.000000 0.906291 -0.422653 -0.000000 0.211260 -0.008617 -0.018478 -0.999792 0.059226 0.000000 0.000000 0.000000 1.000000
0.461943 0.862383 -0.207134 0.000000 0.881501 -0.472183 -0.000000 0.211260 -0.097805 -0.182588 -0.978313 0.059226 0.000000 0.000000 0.000000 1.000000
0.493087 0.825199 -0.275520 0.000000 0.858424 -0.512940 0.000000 0.211260 -0.141325 -0.236513 -0.961295 0.059226 0.000000 0.000000 0.000000 1.000000</float_array><technique_common><accessor source="#Spine_01-Matrix-animation-output-transform-array" count="27" stride="16"><param type="float4x4"/></accessor></technique_common></source><source id="Spine_01-Interpolations"><Name_array id="Spine_01-Interpolations-array" count="27">
 LINEAR LINEAR LINEAR LINEAR LINEAR LINEAR LINEAR LINEAR LINEAR LINEAR LINEAR
LINEAR LINEAR LINEAR LINEAR LINEAR LINEAR LINEAR LINEAR LINEAR LINEAR LINEAR LINEAR
LINEAR LINEAR LINEAR LINEAR</Name_array><technique_common><accessor source="#Spine_01-Interpolations-array" count="27"><param type="name"/></accessor></technique_common></source><sampler id="Spine_01-Matrix-animation-transform"><input semantic="INPUT" source="#Spine_01-Matrix-animation-input"/><input semantic="OUTPUT" source="#Spine_01-Matrix-animation-output-transform"/><input semantic="INTERPOLATION" source="#Spine_01-Interpolations"/></sampler><channel source="#Spine_01-Matrix-animation-transform" target="Spine_01/matrix"/></animation></animation>
    <animation id="Spine_02-anim" name="Spine_02"><animation><source id="Spine_02-Matrix-animation-input"><float_array id="Spine_02-Matrix-animation-input-array" count="27">

0.000000 0.041667 0.083333 0.125000 0.166667 0.208333 0.250000 0.291667 0.333333 0.375000 0.416667 0.458333 0.500000 0.541667 0.583333 0.625000
0.666667 0.708333 0.750000 0.791667 0.833333 0.875000 0.916667 0.958333 1.000000 1.041667 1.083333</float_array><technique_common><accessor source="#Spine_02-Matrix-animation-input-array" count="27"><param name="TIME" type="float"/></accessor></technique_common></source><source id="Spine_02-Matrix-animation-output-transform"><float_array id="Spine_02-Matrix-animation-output-transform-array" count="432">

0.976719 0.214524 0.000000 0.204170 -0.214524 0.976719 0.000000 0.000000 -0.000000 -0.000000 1.000000 -0.000000 0.000000 0.000000 0.000000 1.000000
0.976719 0.214524 0.000000 0.204170 -0.214524 0.976719 0.000000 -0.000000 -0.000000 -0.000000 1.000000 0.000000 0.000000 0.000000 0.000000 1.000000
0.976719 0.214524 0.000000 0.204170 -0.214524 0.976719 0.000000 -0.000000 -0.000000 -0.000000 1.000000 0.000000 0.000000 0.000000 0.000000 1.000000
0.976719 0.214524 -0.000000 0.204170 -0.214524 0.976719 0.000000 -0.000000 0.000000 -0.000000 1.000000 0.000000 0.000000 0.000000 0.000000 1.000000
0.976719 0.214524 -0.000000 0.204170 -0.214524 0.976719 0.000000 -0.000000 0.000000 -0.000000 1.000000 -0.000000 0.000000 0.000000 0.000000 1.000000
0.976719 0.214524 -0.000000 0.204170 -0.214524 0.976719 0.000000 0.000000 0.000000 -0.000000 1.000000 -0.000000 0.000000 0.000000 0.000000 1.000000
0.976719 0.214524 -0.000000 0.204170 -0.214524 0.976719 0.000000 -0.000000 0.000000 -0.000000 1.000000 -0.000000 0.000000 0.000000 0.000000 1.000000
0.976719 0.214524 -0.000000 0.204170 -0.214524 0.976719 0.000000 0.000000 0.000000 -0.000000 1.000000 0.000000 0.000000 0.000000 0.000000 1.000000
0.976719 0.214524 0.000000 0.204170 -0.214524 0.976719 0.000000 0.000000 -0.000000 -0.000000 1.000000 -0.000000 0.000000 0.000000 0.000000 1.000000
0.976719 0.214524 0.000000 0.204170 -0.214524 0.976719 0.000000 -0.000000 -0.000000 -0.000000 1.000000 -0.000000 0.000000 0.000000 0.000000 1.000000
0.976719 0.214524 0.000000 0.204170 -0.214524 0.976719 0.000000 -0.000000 -0.000000 -0.000000 1.000000 -0.000000 0.000000 0.000000 0.000000 1.000000
0.976719 0.214524 -0.000000 0.204170 -0.214524 0.976719 0.000000 0.000000 0.000000 -0.000000 1.000000 0.000000 0.000000 0.000000 0.000000 1.000000
0.976719 0.214524 0.000000 0.204170 -0.214524 0.976719 0.000000 -0.000000 -0.000000 0.000000 1.000000 -0.000000 0.000000 0.000000 0.000000 1.000000
0.976719 0.214524 -0.000000 0.204170 -0.214524 0.976719 0.000000 -0.000000 0.000000 -0.000000 1.000000 -0.000000 0.000000 0.000000 0.000000 1.000000
0.976719 0.214524 -0.000000 0.204170 -0.214524 0.976719 0.000000 -0.000000 0.000000 -0.000000 1.000000 -0.000000 0.000000 0.000000 0.000000 1.000000
0.976719 0.214524 -0.000000 0.204170 -0.214524 0.976719 0.000000 0.000000 0.000000 -0.000000 1.000000 0.000000 0.000000 0.000000 0.000000 1.000000
0.976719 0.214524 -0.000000 0.204170 -0.214524 0.976719 0.000000 -0.000000 0.000000 -0.000000 1.000000 -0.000000 0.000000 0.000000 0.000000 1.000000
0.976719 0.214524 -0.000000 0.204170 -0.214524 0.976719 0.000000 0.000000 0.000000 -0.000000 1.000000 -0.000000 0.000000 0.000000 0.000000 1.000000
0.976719 0.214524 -0.000000 0.204170 -0.214524 0.976719 0.000000 0.000000 0.000000 -0.000000 1.000000 0.000000 0.000000 0.000000 0.000000 1.000000
0.976719 0.214524 -0.000000 0.204170 -0.214524 0.976719 0.000000 -0.000000 0.000000 -0.000000 1.000000 0.000000 0.000000 0.000000 0.000000 1.000000
0.976719 0.214524 -0.000000 0.204170 -0.214524 0.976719 0.000000 -0.000000 0.000000 -0.000000 1.000000 0.000000 0.000000 0.000000 0.000000 1.000000
0.976719 0.214524 -0.000000 0.204170 -0.214524 0.976719 0.000000 0.000000 0.000000 0.000000 1.000000 0.000000 0.000000 0.000000 0.000000 1.000000
0.976719 0.214524 -0.000000 0.204170 -0.214524 0.976719 0.000000 0.000000 0.000000 -0.000000 1.000000 0.000000 0.000000 0.000000 0.000000 1.000000
0.976719 0.214524 -0.000000 0.204170 -0.214524 0.976719 0.000000 0.000000 0.000000 -0.000000 1.000000 0.000000 0.000000 0.000000 0.000000 1.000000
0.976719 0.214524 -0.000000 0.204170 -0.214524 0.976719 0.000000 -0.000000 0.000000 -0.000000 1.000000 0.000000 0.000000 0.000000 0.000000 1.000000
0.976719 0.214524 -0.000000 0.204170 -0.214524 0.976719 0.000000 0.000000 0.000000 -0.000000 1.000000 0.000000 0.000000 0.000000 0.000000 1.000000
0.976719 0.214524 -0.000000 0.204170 -0.214524 0.976719 0.000000 0.000000 0.000000 -0.000000 1.000000 0.000000 0.000000 0.000000 0.000000 1.000000</float_array><technique_common><accessor source="#Spine_02-Matrix-animation-output-transform-array" count="27" stride="16"><param type="float4x4"/></accessor></technique_common></source><source id="Spine_02-Interpolations"><Name_array id="Spine_02-Interpolations-array" count="27">
 LINEAR LINEAR LINEAR LINEAR LINEAR LINEAR LINEAR LINEAR LINEAR LINEAR LINEAR
LINEAR LINEAR LINEAR LINEAR LINEAR LINEAR LINEAR LINEAR LINEAR LINEAR LINEAR LINEAR
LINEAR LINEAR LINEAR LINEAR</Name_array><technique_common><accessor source="#Spine_02-Interpolations-array" count="27"><param type="name"/></accessor></technique_common></source><sampler id="Spine_02-Matrix-animation-transform"><input semantic="INPUT" source="#Spine_02-Matrix-animation-input"/><input semantic="OUTPUT" source="#Spine_02-Matrix-animation-output-transform"/><input semantic="INTERPOLATION" source="#Spine_02-Interpolations"/></sampler><channel source="#Spine_02-Matrix-animation-transform" target="Spine_02/matrix"/></animation></animation>
    <animation id="Spine_03-anim" name="Spine_03"><animation><source id="Spine_03-Matrix-animation-input"><float_array id="Spine_03-Matrix-animation-input-array" count="27">

0.000000 0.041667 0.083333 0.125000 0.166667 0.208333 0.250000 0.291667 0.333333 0.375000 0.416667 0.458333 0.500000 0.541667 0.583333 0.625000
0.666667 0.708333 0.750000 0.791667 0.833333 0.875000 0.916667 0.958333 1.000000 1.041667 1.083333</float_array><technique_common><accessor source="#Spine_03-Matrix-animation-input-array" count="27"><param name="TIME" type="float"/></accessor></technique_common></source><source id="Spine_03-Matrix-animation-output-transform"><float_array id="Spine_03-Matrix-animation-output-transform-array" count="432">

0.967759 0.251309 0.016892 0.299514 0.251271 -0.967907 0.004386 -0.000000 0.017452 0.000000 -0.999848 -0.000000 0.000000 0.000000 0.000000 1.000000
0.967759 0.251309 0.016892 0.299514 0.251271 -0.967907 0.004386 0.000000 0.017452 0.000000 -0.999848 0.000000 0.000000 0.000000 0.000000 1.000000
0.967759 0.251309 0.016892 0.299514 0.251271 -0.967907 0.004386 0.000000 0.017452 0.000000 -0.999848 0.000000 0.000000 0.000000 0.000000 1.000000
0.967759 0.251309 0.016892 0.299514 0.251271 -0.967907 0.004386 0.000000 0.017452 0.000000 -0.999848 0.000000 0.000000 0.000000 0.000000 1.000000
0.967759 0.251309 0.016892 0.299514 0.251271 -0.967907 0.004386 0.000000 0.017452 0.000000 -0.999848 0.000000 0.000000 0.000000 0.000000 1.000000
0.967759 0.251309 0.016892 0.299514 0.251271 -0.967907 0.004386 0.000000 0.017452 0.000000 -0.999848 -0.000000 0.000000 0.000000 0.000000 1.000000
0.967759 0.251309 0.016892 0.299514 0.251271 -0.967907 0.004386 0.000000 0.017452 0.000000 -0.999848 -0.000000 0.000000 0.000000 0.000000 1.000000
0.967759 0.251309 0.016892 0.299514 0.251271 -0.967907 0.004386 0.000000 0.017452 -0.000000 -0.999848 0.000000 0.000000 0.000000 0.000000 1.000000
0.967759 0.251309 0.016892 0.299514 0.251271 -0.967907 0.004386 0.000000 0.017452 0.000000 -0.999848 -0.000000 0.000000 0.000000 0.000000 1.000000
0.967759 0.251309 0.016892 0.299514 0.251271 -0.967907 0.004386 0.000000 0.017452 0.000000 -0.999848 0.000000 0.000000 0.000000 0.000000 1.000000
0.967759 0.251309 0.016892 0.299514 0.251271 -0.967907 0.004386 0.000000 0.017452 0.000000 -0.999848 -0.000000 0.000000 0.000000 0.000000 1.000000
0.967759 0.251309 0.016892 0.299514 0.251271 -0.967907 0.004386 0.000000 0.017452 0.000000 -0.999848 0.000000 0.000000 0.000000 0.000000 1.000000
0.967759 0.251309 0.016892 0.299514 0.251271 -0.967907 0.004386 0.000000 0.017452 0.000000 -0.999848 -0.000000 0.000000 0.000000 0.000000 1.000000
0.967759 0.251309 0.016892 0.299514 0.251271 -0.967907 0.004386 0.000000 0.017452 0.000000 -0.999848 0.000000 0.000000 0.000000 0.000000 1.000000
0.967759 0.251309 0.016892 0.299514 0.251271 -0.967907 0.004386 0.000000 0.017452 0.000000 -0.999848 0.000000 0.000000 0.000000 0.000000 1.000000
0.967759 0.251309 0.016892 0.299514 0.251271 -0.967907 0.004386 0.000000 0.017452 0.000000 -0.999848 0.000000 0.000000 0.000000 0.000000 1.000000
0.967759 0.251309 0.016892 0.299514 0.251271 -0.967907 0.004386 0.000000 0.017452 0.000000 -0.999848 -0.000000 0.000000 0.000000 0.000000 1.000000
0.967759 0.251309 0.016892 0.299514 0.251271 -0.967907 0.004386 0.000000 0.017452 0.000000 -0.999848 -0.000000 0.000000 0.000000 0.000000 1.000000
0.967759 0.251309 0.016892 0.299514 0.251271 -0.967907 0.004386 0.000000 0.017452 0.000000 -0.999848 0.000000 0.000000 0.000000 0.000000 1.000000
0.967759 0.251309 0.016892 0.299514 0.251271 -0.967907 0.004386 0.000000 0.017452 0.000000 -0.999848 -0.000000 0.000000 0.000000 0.000000 1.000000
0.967759 0.251309 0.016892 0.299514 0.251271 -0.967907 0.004386 0.000000 0.017452 0.000000 -0.999848 0.000000 0.000000 0.000000 0.000000 1.000000
0.967759 0.251309 0.016892 0.299514 0.251271 -0.967907 0.004386 0.000000 0.017452 0.000000 -0.999848 -0.000000 0.000000 0.000000 0.000000 1.000000
0.967759 0.251309 0.016892 0.299514 0.251271 -0.967907 0.004386 0.000000 0.017452 0.000000 -0.999848 -0.000000 0.000000 0.000000 0.000000 1.000000
0.967759 0.251309 0.016892 0.299514 0.251271 -0.967907 0.004386 0.000000 0.017452 0.000000 -0.999848 0.000000 0.000000 0.000000 0.000000 1.000000
0.967759 0.251309 0.016892 0.299514 0.251271 -0.967907 0.004386 0.000000 0.017452 0.000000 -0.999848 0.000000 0.000000 0.000000 0.000000 1.000000
0.967759 0.251309 0.016892 0.299514 0.251271 -0.967907 0.004386 0.000000 0.017452 0.000000 -0.999848 -0.000000 0.000000 0.000000 0.000000 1.000000
0.967759 0.251309 0.016892 0.299514 0.251271 -0.967907 0.004386 -0.000000 0.017452 0.000000 -0.999848 0.000000 0.000000 0.000000 0.000000 1.000000</float_array><technique_common><accessor source="#Spine_03-Matrix-animation-output-transform-array" count="27" stride="16"><param type="float4x4"/></accessor></technique_common></source><source id="Spine_03-Interpolations"><Name_array id="Spine_03-Interpolations-array" count="27">
 LINEAR LINEAR LINEAR LINEAR LINEAR LINEAR LINEAR LINEAR LINEAR LINEAR LINEAR
LINEAR LINEAR LINEAR LINEAR LINEAR LINEAR LINEAR LINEAR LINEAR LINEAR LINEAR LINEAR
LINEAR LINEAR LINEAR LINEAR</Name_array><technique_common><accessor source="#Spine_03-Interpolations-array" count="27"><param type="name"/></accessor></technique_common></source><sampler id="Spine_03-Matrix-animation-transform"><input semantic="INPUT" source="#Spine_03-Matrix-animation-input"/><input semantic="OUTPUT" source="#Spine_03-Matrix-animation-output-transform"/><input semantic="INTERPOLATION" source="#Spine_03-Interpolations"/></sampler><channel source="#Spine_03-Matrix-animation-transform" target="Spine_03/matrix"/></animation></animation>
    <animation id="Head-anim" name="Head"><animation><source id="Head-Matrix-animation-input"><float_array id="Head-Matrix-animation-input-array" count="27">

0.000000 0.041667 0.083333 0.125000 0.166667 0.208333 0.250000 0.291667 0.333333 0.375000 0.416667 0.458333 0.500000 0.541667 0.583333 0.625000
0.666667 0.708333 0.750000 0.791667 0.833333 0.875000 0.916667 0.958333 1.000000 1.041667 1.083333</float_array><technique_common><accessor source="#Head-Matrix-animation-input-array" count="27"><param name="TIME" type="float"/></accessor></technique_common></source><source id="Head-Matrix-animation-output-transform"><float_array id="Head-Matrix-animation-output-transform-array" count="432">

0.993873 -0.110524 0.000000 0.133559 0.110524 0.993873 -0.000000 0.000000 -0.000000 0.000000 1.000000 0.000000 0.000000 0.000000 0.000000 1.000000
0.996835 -0.079459 0.002592 0.133559 0.079454 0.994578 -0.067097 0.000000 0.002753 0.067091 0.997743 0.000000 0.000000 0.000000 0.000000 1.000000
0.999918 -0.009571 0.008540 0.133559 0.011247 0.974313 -0.224918 0.000000 -0.006168 0.224995 0.974340 0.000000 0.000000 0.000000 0.000000 1.000000
0.997748 0.064993 0.016606 0.133559 -0.052748 0.913083 -0.404348 0.000000 -0.041442 0.402562 0.914454 0.000000 0.000000 0.000000 0.000000 1.000000
0.992979 0.115659 0.024819 0.133559 -0.083882 0.836395 -0.541671 0.000000 -0.083408 0.535786 0.840224 0.000000 0.000000 0.000000 0.000000 1.000000
0.991511 0.127368 0.026123 0.133559 -0.083483 0.777679 -0.623094 0.000000 -0.099678 0.615624 0.781711 0.000000 0.000000 0.000000 0.000000 1.000000
0.992051 0.123421 0.024549 0.133559 -0.077365 0.752052 -0.654548 0.000000 -0.099247 0.647445 0.755622 0.000000 0.000000 0.000000 0.000000 1.000000
0.992759 0.118460 0.019901 0.133559 -0.078232 0.763354 -0.641226 0.000000 -0.091151 0.635026 0.767094 0.000000 0.000000 0.000000 0.000000 1.000000
0.994437 0.105066 0.007555 0.133559 -0.079106 0.792235 -0.605067 0.000000 -0.069557 0.601103 0.796139 0.000000 0.000000 0.000000 0.000000 1.000000
0.996277 0.085624 -0.010074 0.133559 -0.076962 0.830604 -0.551519 0.000000 -0.038856 0.550241 0.834102 0.000000 0.000000 0.000000 0.000000 1.000000
0.997591 0.062328 -0.030446 0.133559 -0.069260 0.870714 -0.486888 0.000000 -0.003837 0.487823 0.872934 0.000000 0.000000 0.000000 0.000000 1.000000
0.998024 0.036812 -0.050915 0.133559 -0.054807 0.906304 -0.419057 0.000000 0.030718 0.421019 0.906531 0.000000 0.000000 0.000000 0.000000 1.000000
0.997578 0.009992 -0.068841 0.133559 -0.034010 0.933346 -0.357364 0.000000 0.060681 0.358839 0.931425 0.000000 0.000000 0.000000 0.000000 1.000000
0.996081 -0.016777 -0.086835 0.133559 -0.009439 0.956068 -0.292992 0.000000 0.087936 0.292663 0.952164 0.000000 0.000000 0.000000 0.000000 1.000000
0.993370 -0.041428 -0.107240 0.133559 0.017320 0.976099 -0.216635 0.000000 0.113652 0.213341 0.970345 0.000000 0.000000 0.000000 0.000000 1.000000
0.989869 -0.063083 -0.127197 0.133559 0.045258 0.989334 -0.138453 -0.000000 0.134575 0.131294 0.982167 0.000000 0.000000 0.000000 0.000000 1.000000
0.986180 -0.081739 -0.144112 0.133559 0.072336 0.994968 -0.069330 0.000000 0.149054 0.057948 0.987130 0.000000 0.000000 0.000000 0.000000 1.000000
0.982914 -0.098090 -0.155748 0.133559 0.096105 0.995165 -0.020244 0.000000 0.156981 0.004930 0.987589 0.000000 0.000000 0.000000 0.000000 1.000000
0.980600 -0.113107 -0.160096 0.133559 0.114283 0.993446 -0.001871 0.000000 0.159258 -0.016462 0.987100 -0.000000 0.000000 0.000000 0.000000 1.000000
0.981243 -0.137114 -0.135509 0.133559 0.123032 0.986577 -0.107372 0.000000 0.148413 0.088686 0.984941 0.000000 0.000000 0.000000 0.000000 1.000000
0.982940 -0.153760 -0.100932 0.133559 0.125194 0.961333 -0.245287 0.000000 0.134745 0.228466 0.964182 0.000000 0.000000 0.000000 0.000000 1.000000
0.995638 -0.040846 -0.083887 0.133559 0.013368 0.952255 -0.305010 0.000000 0.092340 0.302558 0.948647 0.000000 0.000000 0.000000 0.000000 1.000000
0.994835 0.074345 -0.069106 0.133559 -0.094089 0.930856 -0.353064 0.000000 0.038079 0.357742 0.933044 0.000000 0.000000 0.000000 0.000000 1.000000
0.996366 -0.060350 -0.060109 0.133559 0.032088 0.919643 -0.391443 0.000000 0.078903 0.388091 0.918237 0.000000 0.000000 0.000000 0.000000 1.000000
0.979541 -0.193107 -0.056648 0.133559 0.153828 0.899962 -0.407928 0.000000 0.129755 0.390868 0.911255 0.000000 0.000000 0.000000 0.000000 1.000000
0.979541 -0.193107 -0.056648 0.133559 0.153828 0.899962 -0.407928 0.000000 0.129755 0.390868 0.911255 0.000000 0.000000 0.000000 0.000000 1.000000
0.979541 -0.193107 -0.056648 0.133559 0.153828 0.899962 -0.407928 0.000000 0.129755 0.390868 0.911255 0.000000 0.000000 0.000000 0.000000 1.000000</float_array><technique_common><accessor source="#Head-Matrix-animation-output-transform-array" count="27" stride="16"><param type="float4x4"/></accessor></technique_common></source><source id="Head-Interpolations"><Name_array id="Head-Interpolations-array" count="27">
 LINEAR LINEAR LINEAR LINEAR LINEAR LINEAR LINEAR LINEAR LINEAR LINEAR LINEAR
LINEAR LINEAR LINEAR LINEAR LINEAR LINEAR LINEAR LINEAR LINEAR LINEAR LINEAR LINEAR
LINEAR LINEAR LINEAR LINEAR</Name_array><technique_common><accessor source="#Head-Interpolations-array" count="27"><param type="name"/></accessor></technique_common></source><sampler id="Head-Matrix-animation-transform"><input semantic="INPUT" source="#Head-Matrix-animation-input"/><input semantic="OUTPUT" source="#Head-Matrix-animation-output-transform"/><input semantic="INTERPOLATION" source="#Head-Interpolations"/></sampler><channel source="#Head-Matrix-animation-transform" target="Head/matrix"/></animation></animation>
    <animation id="M_Hair_Jnt_0-anim" name="M_Hair_Jnt_0"><animation><source id="M_Hair_Jnt_0-Matrix-animation-input"><float_array id="M_Hair_Jnt_0-Matrix-animation-input-array" count="27">

0.000000 0.041667 0.083333 0.125000 0.166667 0.208333 0.250000 0.291667 0.333333 0.375000 0.416667 0.458333 0.500000 0.541667 0.583333 0.625000
0.666667 0.708333 0.750000 0.791667 0.833333 0.875000 0.916667 0.958333 1.000000 1.041667 1.083333</float_array><technique_common><accessor source="#M_Hair_Jnt_0-Matrix-animation-input-array" count="27"><param name="TIME" type="float"/></accessor></technique_common></source><source id="M_Hair_Jnt_0-Matrix-animation-output-transform"><float_array id="M_Hair_Jnt_0-Matrix-animation-output-transform-array" count="432">

-0.571578 0.820536 -0.004428 0.191574 0.807559 0.563478 0.174189 0.208364 0.145424 0.095987 -0.984702 -0.007597 0.000000 0.000000 0.000000 1.000000
-0.571616 0.820508 -0.004770 0.191574 0.807518 0.563578 0.174050 0.208364 0.145497 0.095638 -0.984725 -0.007597 0.000000 0.000000 0.000000 1.000000
-0.571746 0.820410 -0.005752 0.191574 0.807388 0.563888 0.173652 0.208364 0.145709 0.094640 -0.984790 -0.007597 0.000000 0.000000 0.000000 1.000000
-0.571999 0.820222 -0.007311 0.191574 0.807148 0.564424 0.173027 0.208364 0.146047 0.093070 -0.984890 -0.007597 0.000000 0.000000 0.000000 1.000000
-0.572395 0.819924 -0.009381 0.191574 0.806785 0.565193 0.172207 0.208364 0.146498 0.091002 -0.985016 -0.007597 0.000000 0.000000 0.000000 1.000000
-0.572952 0.819503 -0.011891 0.191574 0.806291 0.566199 0.171213 0.208364 0.147042 0.088509 -0.985162 -0.007597 0.000000 0.000000 0.000000 1.000000
-0.573696 0.818935 -0.014775 0.191574 0.805648 0.567456 0.170075 0.208364 0.147665 0.085668 -0.985320 -0.007597 0.000000 0.000000 0.000000 1.000000
-0.574651 0.818201 -0.017963 0.191574 0.804841 0.568974 0.168819 0.208364 0.148349 0.082554 -0.985483 -0.007597 0.000000 0.000000 0.000000 1.000000
-0.575832 0.817288 -0.021389 0.191574 0.803861 0.570755 0.167467 0.208364 0.149077 0.079239 -0.985646 -0.007597 0.000000 0.000000 0.000000 1.000000
-0.577247 0.816187 -0.024986 0.191574 0.802704 0.572795 0.166050 0.208364 0.149840 0.075796 -0.985801 -0.007597 0.000000 0.000000 0.000000 1.000000
-0.578892 0.814899 -0.028690 0.191574 0.801371 0.575077 0.164596 0.208364 0.150628 0.072292 -0.985944 -0.007597 0.000000 0.000000 0.000000 1.000000
-0.580751 0.813435 -0.032439 0.191574 0.799873 0.577573 0.163133 0.208364 0.151434 0.068793 -0.986071 -0.007597 0.000000 0.000000 0.000000 1.000000
-0.582793 0.811815 -0.036170 0.191574 0.798231 0.580245 0.161689 0.208364 0.152249 0.065359 -0.986179 -0.007597 0.000000 0.000000 0.000000 1.000000
-0.584978 0.810071 -0.039821 0.191574 0.796476 0.583040 0.160283 0.208364 0.153058 0.062046 -0.986268 -0.007597 0.000000 0.000000 0.000000 1.000000
-0.587253 0.808243 -0.043331 0.191574 0.794648 0.585896 0.158935 0.208364 0.153845 0.058902 -0.986338 -0.007597 0.000000 0.000000 0.000000 1.000000
-0.589554 0.806381 -0.046641 0.191574 0.792795 0.588741 0.157669 0.208364 0.154601 0.055978 -0.986390 -0.007597 0.000000 0.000000 0.000000 1.000000
-0.591809 0.804545 -0.049695 0.191574 0.790974 0.591494 0.156509 0.208364 0.155313 0.053316 -0.986426 -0.007597 0.000000 0.000000 0.000000 1.000000
-0.593940 0.802798 -0.052436 0.191574 0.789246 0.594069 0.155477 0.208364 0.155968 0.050959 -0.986447 -0.007597 0.000000 0.000000 0.000000 1.000000
-0.595864 0.801213 -0.054809 0.191574 0.787679 0.596375 0.154596 0.208364 0.156551 0.048946 -0.986456 -0.007597 0.000000 0.000000 0.000000 1.000000
-0.597498 0.799859 -0.056767 0.191574 0.786337 0.598320 0.153910 0.208364 0.157071 0.047322 -0.986453 -0.007597 0.000000 0.000000 0.000000 1.000000
-0.598755 0.798811 -0.058245 0.191574 0.785296 0.599811 0.153415 0.208364 0.157485 0.046118 -0.986444 -0.007597 0.000000 0.000000 0.000000 1.000000
-0.599501 0.798184 -0.059164 0.191574 0.784679 0.600704 0.153079 0.208364 0.157726 0.045346 -0.986441 -0.007597 0.000000 0.000000 0.000000 1.000000
-0.599750 0.797974 -0.059482 0.191574 0.784472 0.601004 0.152961 0.208364 0.157808 0.045076 -0.986440 -0.007597 0.000000 0.000000 0.000000 1.000000
-0.599789 0.797943 -0.059496 0.191574 0.784436 0.601043 0.152992 0.208364 0.157839 0.045092 -0.986435 -0.007597 0.000000 0.000000 0.000000 1.000000
-0.599862 0.797888 -0.059506 0.191574 0.784376 0.601115 0.153017 0.208364 0.157860 0.045113 -0.986430 -0.007597 0.000000 0.000000 0.000000 1.000000
-0.599862 0.797888 -0.059506 0.191574 0.784376 0.601115 0.153017 0.208364 0.157860 0.045113 -0.986430 -0.007597 0.000000 0.000000 0.000000 1.000000
-0.599862 0.797888 -0.059506 0.191574 0.784376 0.601115 0.153017 0.208364 0.157860 0.045113 -0.986430 -0.007597 0.000000 0.000000 0.000000 1.000000</float_array><technique_common><accessor source="#M_Hair_Jnt_0-Matrix-animation-output-transform-array" count="27" stride="16"><param type="float4x4"/></accessor></technique_common></source><source id="M_Hair_Jnt_0-Interpolations"><Name_array id="M_Hair_Jnt_0-Interpolations-array" count="27">
 LINEAR LINEAR LINEAR LINEAR LINEAR LINEAR LINEAR LINEAR LINEAR LINEAR LINEAR
LINEAR LINEAR LINEAR LINEAR LINEAR LINEAR LINEAR LINEAR LINEAR LINEAR LINEAR LINEAR
LINEAR LINEAR LINEAR LINEAR</Name_array><technique_common><accessor source="#M_Hair_Jnt_0-Interpolations-array" count="27"><param type="name"/></accessor></technique_common></source><sampler id="M_Hair_Jnt_0-Matrix-animation-transform"><input semantic="INPUT" source="#M_Hair_Jnt_0-Matrix-animation-input"/><input semantic="OUTPUT" source="#M_Hair_Jnt_0-Matrix-animation-output-transform"/><input semantic="INTERPOLATION" source="#M_Hair_Jnt_0-Interpolations"/></sampler><channel source="#M_Hair_Jnt_0-Matrix-animation-transform" target="M_Hair_Jnt_0/matrix"/></animation></animation>
    <animation id="M_Hair_Jnt_1-anim" name="M_Hair_Jnt_1"><animation><source id="M_Hair_Jnt_1-Matrix-animation-input"><float_array id="M_Hair_Jnt_1-Matrix-animation-input-array" count="27">

0.000000 0.041667 0.083333 0.125000 0.166667 0.208333 0.250000 0.291667 0.333333 0.375000 0.416667 0.458333 0.500000 0.541667 0.583333 0.625000
0.666667 0.708333 0.750000 0.791667 0.833333 0.875000 0.916667 0.958333 1.000000 1.041667 1.083333</float_array><technique_common><accessor source="#M_Hair_Jnt_1-Matrix-animation-input-array" count="27"><param name="TIME" type="float"/></accessor></technique_common></source><source id="M_Hair_Jnt_1-Matrix-animation-output-transform"><float_array id="M_Hair_Jnt_1-Matrix-animation-output-transform-array" count="432">

0.978257 0.207381 -0.002409 0.147208 -0.207390 0.978248 -0.004474 0.000000 0.001429 0.004876 0.999987 -0.004321 0.000000 0.000000 0.000000 1.000000
0.978234 0.207491 -0.002402 0.147208 -0.207500 0.978225 -0.004460 0.000000 0.001425 0.004861 0.999987 -0.004321 0.000000 0.000000 0.000000 1.000000
0.978168 0.207804 -0.002382 0.147208 -0.207813 0.978159 -0.004420 0.000000 0.001412 0.004818 0.999987 -0.004321 0.000000 0.000000 0.000000 1.000000
0.978064 0.208291 -0.002352 0.147208 -0.208300 0.978055 -0.004357 0.000000 0.001392 0.004752 0.999988 -0.004321 0.000000 0.000000 0.000000 1.000000
0.977929 0.208927 -0.002311 0.147208 -0.208935 0.977920 -0.004276 0.000000 0.001367 0.004664 0.999988 -0.004321 0.000000 0.000000 0.000000 1.000000
0.977766 0.209685 -0.002263 0.147208 -0.209693 0.977758 -0.004179 -0.000000 0.001336 0.004560 0.999989 -0.004321 0.000000 0.000000 0.000000 1.000000
0.977584 0.210532 -0.002209 0.147208 -0.210540 0.977577 -0.004070 0.000000 0.001302 0.004444 0.999989 -0.004321 0.000000 0.000000 0.000000 1.000000
0.977390 0.211435 -0.002151 0.147208 -0.211442 0.977382 -0.003955 0.000000 0.001266 0.004320 0.999990 -0.004321 0.000000 0.000000 0.000000 1.000000
0.977188 0.212367 -0.002091 0.147208 -0.212374 0.977181 -0.003836 0.000000 0.001228 0.004192 0.999990 -0.004321 0.000000 0.000000 0.000000 1.000000
0.976984 0.213302 -0.002030 0.147208 -0.213309 0.976978 -0.003716 0.000000 0.001191 0.004064 0.999991 -0.004321 0.000000 0.000000 0.000000 1.000000
0.976784 0.214217 -0.001971 0.147208 -0.214223 0.976778 -0.003599 0.000000 0.001154 0.003938 0.999992 -0.004321 0.000000 0.000000 0.000000 1.000000
0.976592 0.215092 -0.001914 0.147208 -0.215098 0.976586 -0.003488 0.000000 0.001119 0.003818 0.999992 -0.004321 0.000000 0.000000 0.000000 1.000000
0.976411 0.215913 -0.001860 0.147208 -0.215918 0.976406 -0.003383 0.000000 0.001086 0.003705 0.999993 -0.004321 0.000000 0.000000 0.000000 1.000000
0.976244 0.216666 -0.001811 0.147208 -0.216671 0.976239 -0.003287 0.000000 0.001055 0.003602 0.999993 -0.004321 0.000000 0.000000 0.000000 1.000000
0.976093 0.217344 -0.001766 0.147208 -0.217349 0.976089 -0.003201 0.000000 0.001028 0.003508 0.999993 -0.004321 0.000000 0.000000 0.000000 1.000000
0.975960 0.217942 -0.001727 0.147208 -0.217946 0.975956 -0.003125 0.000000 0.001004 0.003426 0.999994 -0.004321 0.000000 0.000000 0.000000 1.000000
0.975845 0.218457 -0.001692 0.147208 -0.218461 0.975841 -0.003059 0.000000 0.000983 0.003355 0.999994 -0.004321 0.000000 0.000000 0.000000 1.000000
0.975748 0.218889 -0.001664 0.147208 -0.218893 0.975744 -0.003004 0.000000 0.000966 0.003296 0.999994 -0.004321 0.000000 0.000000 0.000000 1.000000
0.975669 0.219240 -0.001640 0.147208 -0.219244 0.975665 -0.002960 0.000000 0.000952 0.003248 0.999994 -0.004321 0.000000 0.000000 0.000000 1.000000
0.975608 0.219512 -0.001622 0.147208 -0.219516 0.975604 -0.002925 -0.000000 0.000941 0.003210 0.999994 -0.004321 0.000000 0.000000 0.000000 1.000000
0.975565 0.219707 -0.001609 0.147208 -0.219711 0.975561 -0.002901 -0.000000 0.000933 0.003183 0.999994 -0.004321 0.000000 0.000000 0.000000 1.000000
0.975537 0.219828 -0.001601 0.147208 -0.219832 0.975534 -0.002885 0.000000 0.000928 0.003167 0.999995 -0.004321 0.000000 0.000000 0.000000 1.000000
0.975529 0.219864 -0.001599 0.147208 -0.219867 0.975526 -0.002881 -0.000000 0.000926 0.003162 0.999995 -0.004321 0.000000 0.000000 0.000000 1.000000
0.975528 0.219868 -0.001599 0.147208 -0.219872 0.975525 -0.002880 0.000000 0.000926 0.003161 0.999995 -0.004321 0.000000 0.000000 0.000000 1.000000
0.975530 0.219862 -0.001599 0.147208 -0.219866 0.975526 -0.002881 -0.000000 0.000927 0.003162 0.999995 -0.004321 0.000000 0.000000 0.000000 1.000000
0.975530 0.219862 -0.001599 0.147208 -0.219866 0.975526 -0.002881 0.000000 0.000927 0.003162 0.999995 -0.004321 0.000000 0.000000 0.000000 1.000000
0.975530 0.219862 -0.001599 0.147208 -0.219866 0.975526 -0.002881 0.000000 0.000927 0.003162 0.999995 -0.004321 0.000000 0.000000 0.000000 1.000000</float_array><technique_common><accessor source="#M_Hair_Jnt_1-Matrix-animation-output-transform-array" count="27" stride="16"><param type="float4x4"/></accessor></technique_common></source><source id="M_Hair_Jnt_1-Interpolations"><Name_array id="M_Hair_Jnt_1-Interpolations-array" count="27">
 LINEAR LINEAR LINEAR LINEAR LINEAR LINEAR LINEAR LINEAR LINEAR LINEAR LINEAR
LINEAR LINEAR LINEAR LINEAR LINEAR LINEAR LINEAR LINEAR LINEAR LINEAR LINEAR LINEAR
