<?xml version="1.0" encoding="utf-8"?>
<COLLADA xmlns="http://www.collada.org/2005/11/COLLADASchema" version="1.4.1">
  <asset><contributor><author></author><authoring_tool>FBX COLLADA exporter</authoring_tool><comments></comments></contributor><created>2013-12-15T19:13:06Z</created><keywords></keywords><modified>2013-12-15T19:13:06Z</modified><revision></revision><subject></subject><title></title><unit meter="0.010000" name="centimeter"></unit><up_axis>Y_UP</up_axis></asset>
  <library_animations>
    <animation id="Pelvis-anim" name="Pelvis"><animation><source id="Pelvis-Matrix-animation-input"><float_array id="Pelvis-Matrix-animation-input-array" count="45">

0.041667 0.083333 0.125000 0.166667 0.208333 0.250000 0.291667 0.333333 0.375000 0.416667 0.458333 0.500000 0.541667 0.583333 0.625000 0.666667
0.708333 0.750000 0.791667 0.833333 0.875000 0.916667 0.958333 1.000000 1.041667 1.083333 1.125000 1.166667 1.208333 1.250000 1.291667 1.333333
1.375000 1.416667 1.458333 1.500000 1.541667 1.583333 1.625000 1.666667 1.708333 1.750000 1.791667 1.833333 1.875000</float_array><technique_common><accessor source="#Pelvis-Matrix-animation-input-array" count="45"><param name="TIME" type="float"/></accessor></technique_common></source><source id="Pelvis-Matrix-animation-output-transform"><float_array id="Pelvis-Matrix-animation-output-transform-array" count="720">

0.998680 -0.006605 -0.050928 0.031696 0.002887 0.997347 -0.072732 2.003307 0.051274 0.072489 0.996050 0.732216 0.000000 0.000000 0.000000 1.000000
0.998680 -0.006605 -0.050928 0.031696 0.002887 0.997347 -0.072732 2.005394 0.051274 0.072489 0.996050 0.729602 0.000000 0.000000 0.000000 1.000000
0.998680 -0.006605 -0.050928 0.031696 0.002887 0.997347 -0.072732 2.010986 0.051274 0.072489 0.996050 0.722598 0.000000 0.000000 0.000000 1.000000
0.998680 -0.006605 -0.050928 0.031696 0.002887 0.997347 -0.072732 2.019081 0.051274 0.072489 0.996050 0.712459 0.000000 0.000000 0.000000 1.000000
0.998680 -0.006605 -0.050928 0.031696 0.002887 0.997347 -0.072732 2.028679 0.051274 0.072489 0.996050 0.700437 0.000000 0.000000 0.000000 1.000000
0.998680 -0.006605 -0.050928 0.031696 0.002887 0.997347 -0.072732 2.038778 0.051274 0.072489 0.996050 0.687789 0.000000 0.000000 0.000000 1.000000
0.998680 -0.006605 -0.050928 0.031696 0.002887 0.997347 -0.072732 2.048376 0.051274 0.072489 0.996050 0.675767 0.000000 0.000000 0.000000 1.000000
0.998680 -0.006605 -0.050928 0.031696 0.002887 0.997347 -0.072732 2.056471 0.051274 0.072489 0.996050 0.665628 0.000000 0.000000 0.000000 1.000000
0.998680 -0.006605 -0.050928 0.031696 0.002887 0.997347 -0.072732 2.062063 0.051274 0.072489 0.996050 0.658624 0.000000 0.000000 0.000000 1.000000
0.998680 -0.006605 -0.050928 0.031696 0.002887 0.997347 -0.072732 2.064149 0.051274 0.072489 0.996050 0.656011 0.000000 0.000000 0.000000 1.000000
0.998680 -0.006605 -0.050928 0.031696 0.002887 0.997347 -0.072732 2.062446 0.051274 0.072489 0.996050 0.658144 0.000000 0.000000 0.000000 1.000000
0.998680 -0.006605 -0.050928 0.031696 0.002887 0.997347 -0.072732 2.057822 0.051274 0.072489 0.996050 0.663936 0.000000 0.000000 0.000000 1.000000
0.998680 -0.006605 -0.050928 0.031696 0.002887 0.997347 -0.072732 2.051008 0.051274 0.072489 0.996050 0.672471 0.000000 0.000000 0.000000 1.000000
0.998680 -0.006605 -0.050928 0.031696 0.002887 0.997347 -0.072732 2.042733 0.051274 0.072489 0.996050 0.682835 0.000000 0.000000 0.000000 1.000000
0.998680 -0.006605 -0.050928 0.031696 0.002887 0.997347 -0.072732 2.033728 0.051274 0.072489 0.996050 0.694113 0.000000 0.000000 0.000000 1.000000
0.998680 -0.006605 -0.050928 0.031696 0.002887 0.997347 -0.072732 2.024724 0.051274 0.072489 0.996050 0.705391 0.000000 0.000000 0.000000 1.000000
0.998680 -0.006605 -0.050928 0.031696 0.002887 0.997347 -0.072732 2.016449 0.051274 0.072489 0.996050 0.715755 0.000000 0.000000 0.000000 1.000000
0.998680 -0.006605 -0.050928 0.031696 0.002887 0.997347 -0.072732 2.009635 0.051274 0.072489 0.996050 0.724290 0.000000 0.000000 0.000000 1.000000
0.998680 -0.006605 -0.050928 0.031696 0.002887 0.997347 -0.072732 2.005011 0.051274 0.072489 0.996050 0.730082 0.000000 0.000000 0.000000 1.000000
0.998680 -0.006605 -0.050928 0.031696 0.002887 0.997347 -0.072732 2.003307 0.051274 0.072489 0.996050 0.732216 0.000000 0.000000 0.000000 1.000000
0.998680 -0.006605 -0.050928 0.031696 0.002887 0.997347 -0.072732 2.003307 0.051274 0.072489 0.996050 0.732216 0.000000 0.000000 0.000000 1.000000
0.998680 -0.006605 -0.050928 0.031696 0.002887 0.997347 -0.072732 2.003307 0.051274 0.072489 0.996050 0.732216 0.000000 0.000000 0.000000 1.000000
0.998680 -0.006605 -0.050928 0.031696 0.002887 0.997347 -0.072732 2.003307 0.051274 0.072489 0.996050 0.732216 0.000000 0.000000 0.000000 1.000000
0.998680 -0.006605 -0.050928 0.031696 0.002887 0.997347 -0.072732 2.003307 0.051274 0.072489 0.996050 0.732216 0.000000 0.000000 0.000000 1.000000
0.998680 -0.006605 -0.050928 0.031696 0.002887 0.997347 -0.072732 2.003307 0.051274 0.072489 0.996050 0.732216 0.000000 0.000000 0.000000 1.000000
0.998680 -0.006605 -0.050928 0.031696 0.002887 0.997347 -0.072732 2.003307 0.051274 0.072489 0.996050 0.732216 0.000000 0.000000 0.000000 1.000000
0.998680 -0.006605 -0.050928 0.031696 0.002887 0.997347 -0.072732 2.003307 0.051274 0.072489 0.996050 0.732216 0.000000 0.000000 0.000000 1.000000
0.998680 -0.006605 -0.050928 0.031696 0.002887 0.997347 -0.072732 2.003307 0.051274 0.072489 0.996050 0.732216 0.000000 0.000000 0.000000 1.000000
0.998680 -0.006605 -0.050928 0.031696 0.002887 0.997347 -0.072732 2.003307 0.051274 0.072489 0.996050 0.732216 0.000000 0.000000 0.000000 1.000000
0.998680 -0.006605 -0.050928 0.031696 0.002887 0.997347 -0.072732 2.003307 0.051274 0.072489 0.996050 0.732216 0.000000 0.000000 0.000000 1.000000
0.998680 -0.006605 -0.050928 0.031696 0.002887 0.997347 -0.072732 2.003307 0.051274 0.072489 0.996050 0.732216 0.000000 0.000000 0.000000 1.000000
0.998680 -0.006605 -0.050928 0.031696 0.002887 0.997347 -0.072732 2.003307 0.051274 0.072489 0.996050 0.732216 0.000000 0.000000 0.000000 1.000000
0.998680 -0.006605 -0.050928 0.031696 0.002887 0.997347 -0.072732 2.003307 0.051274 0.072489 0.996050 0.732216 0.000000 0.000000 0.000000 1.000000
0.998680 -0.006605 -0.050928 0.031696 0.002887 0.997347 -0.072732 2.003307 0.051274 0.072489 0.996050 0.732216 0.000000 0.000000 0.000000 1.000000
0.998680 -0.006605 -0.050928 0.031696 0.002887 0.997347 -0.072732 2.003307 0.051274 0.072489 0.996050 0.732216 0.000000 0.000000 0.000000 1.000000
0.998680 -0.006605 -0.050928 0.031696 0.002887 0.997347 -0.072732 2.010769 0.051274 0.072489 0.996050 0.742891 0.000000 0.000000 0.000000 1.000000
0.998680 -0.006605 -0.050928 0.031696 0.002887 0.997347 -0.072732 2.031023 0.051274 0.072489 0.996050 0.771869 0.000000 0.000000 0.000000 1.000000
0.998680 -0.006605 -0.050928 0.031696 0.002887 0.997347 -0.072732 2.060870 0.051274 0.072489 0.996050 0.814572 0.000000 0.000000 0.000000 1.000000
0.998680 -0.006605 -0.050928 0.031696 0.002887 0.997347 -0.072732 2.097113 0.051274 0.072489 0.996050 0.866426 0.000000 0.000000 0.000000 1.000000
0.998680 -0.006605 -0.050928 0.031696 0.002887 0.997347 -0.072732 2.136554 0.051274 0.072489 0.996050 0.922855 0.000000 0.000000 0.000000 1.000000
0.998680 -0.006605 -0.050928 0.031696 0.002887 0.997347 -0.072732 2.175995 0.051274 0.072489 0.996050 0.979284 0.000000 0.000000 0.000000 1.000000
0.998680 -0.006605 -0.050928 0.031696 0.002887 0.997347 -0.072732 2.212239 0.051274 0.072489 0.996050 1.031138 0.000000 0.000000 0.000000 1.000000
0.998680 -0.006605 -0.050928 0.031696 0.002887 0.997347 -0.072732 2.242086 0.051274 0.072489 0.996050 1.073841 0.000000 0.000000 0.000000 1.000000
0.998680 -0.006605 -0.050928 0.031696 0.002887 0.997347 -0.072732 2.262340 0.051274 0.072489 0.996050 1.102819 0.000000 0.000000 0.000000 1.000000
0.998680 -0.006605 -0.050928 0.031696 0.002887 0.997347 -0.072732 2.269801 0.051274 0.072489 0.996050 1.113495 0.000000 0.000000 0.000000 1.000000</float_array><technique_common><accessor source="#Pelvis-Matrix-animation-output-transform-array" count="45" stride="16"><param type="float4x4"/></accessor></technique_common></source><source id="Pelvis-Interpolations"><Name_array id="Pelvis-Interpolations-array" count="45">
 LINEAR LINEAR LINEAR LINEAR LINEAR LINEAR LINEAR LINEAR LINEAR LINEAR LINEAR
LINEAR LINEAR LINEAR LINEAR LINEAR LINEAR LINEAR LINEAR LINEAR LINEAR LINEAR LINEAR
LINEAR LINEAR LINEAR LINEAR LINEAR LINEAR LINEAR LINEAR LINEAR LINEAR LINEAR LINEAR
LINEAR LINEAR LINEAR LINEAR LINEAR LINEAR LINEAR LINEAR LINEAR LINEAR</Name_array><technique_common><accessor source="#Pelvis-Interpolations-array" count="45"><param type="name"/></accessor></technique_common></source><sampler id="Pelvis-Matrix-animation-transform"><input semantic="INPUT" source="#Pelvis-Matrix-animation-input"/><input semantic="OUTPUT" source="#Pelvis-Matrix-animation-output-transform"/><input semantic="INTERPOLATION" source="#Pelvis-Interpolations"/></sampler><channel source="#Pelvis-Matrix-animation-transform" target="Pelvis/matrix"/></animation></animation>
    <animation id="Spine_01-anim" name="Spine_01"><animation><source id="Spine_01-Matrix-animation-input"><float_array id="Spine_01-Matrix-animation-input-array" count="45">

0.041667 0.083333 0.125000 0.166667 0.208333 0.250000 0.291667 0.333333 0.375000 0.416667 0.458333 0.500000 0.541667 0.583333 0.625000 0.666667
0.708333 0.750000 0.791667 0.833333 0.875000 0.916667 0.958333 1.000000 1.041667 1.083333 1.125000 1.166667 1.208333 1.250000 1.291667 1.333333
1.375000 1.416667 1.458333 1.500000 1.541667 1.583333 1.625000 1.666667 1.708333 1.750000 1.791667 1.833333 1.875000</float_array><technique_common><accessor source="#Spine_01-Matrix-animation-input-array" count="45"><param name="TIME" type="float"/></accessor></technique_common></source><source id="Spine_01-Matrix-animation-output-transform"><float_array id="Spine_01-Matrix-animation-output-transform-array" count="720">

0.000000 -0.000000 1.000000 -0.000000 0.997390 0.072196 -0.000000 0.211260 -0.072196 0.997390 0.000000 0.059226 0.000000 0.000000 0.000000 1.000000
0.000000 -0.000000 1.000000 0.000000 0.997628 0.068829 -0.000000 0.211260 -0.068829 0.997628 0.000000 0.059226 0.000000 0.000000 0.000000 1.000000
0.000000 -0.000000 1.000000 0.000000 0.998234 0.059396 -0.000000 0.211260 -0.059396 0.998234 0.000000 0.059226 0.000000 0.000000 0.000000 1.000000
0.000000 -0.000000 1.000000 0.000000 0.998991 0.044901 -0.000000 0.211260 -0.044901 0.998991 0.000000 0.059226 0.000000 0.000000 0.000000 1.000000
0.000000 -0.000000 1.000000 0.000000 0.999653 0.026347 -0.000000 0.211260 -0.026347 0.999653 0.000000 0.059226 0.000000 0.000000 0.000000 1.000000
0.000000 -0.000000 1.000000 0.000000 0.999989 0.004746 -0.000000 0.211260 -0.004746 0.999989 0.000000 0.059226 0.000000 0.000000 0.000000 1.000000
0.000000 -0.000000 1.000000 -0.000000 0.999822 -0.018883 -0.000000 0.211260 0.018883 0.999822 0.000000 0.059226 0.000000 0.000000 0.000000 1.000000
0.000000 -0.000000 1.000000 -0.000000 0.999053 -0.043512 -0.000000 0.211260 0.043512 0.999053 0.000000 0.059226 0.000000 0.000000 0.000000 1.000000
0.000000 -0.000000 1.000000 0.000000 0.997677 -0.068115 -0.000000 0.211260 0.068115 0.997677 0.000000 0.059226 0.000000 0.000000 0.000000 1.000000
0.000000 -0.000000 1.000000 -0.000000 0.995790 -0.091669 -0.000000 0.211260 0.091669 0.995790 0.000000 0.059226 0.000000 0.000000 0.000000 1.000000
0.000000 -0.000000 1.000000 0.000000 0.993577 -0.113159 -0.000000 0.211260 0.113159 0.993577 0.000000 0.059226 0.000000 0.000000 0.000000 1.000000
0.000000 -0.000000 1.000000 -0.000000 0.991305 -0.131585 -0.000000 0.211260 0.131585 0.991305 0.000000 0.059226 0.000000 0.000000 0.000000 1.000000
0.000000 -0.000000 1.000000 0.000000 0.989290 -0.145960 -0.000000 0.211260 0.145960 0.989290 0.000000 0.059226 0.000000 0.000000 0.000000 1.000000
0.000000 -0.000000 1.000000 0.000000 0.987867 -0.155304 -0.000000 0.211260 0.155304 0.987867 0.000000 0.059226 0.000000 0.000000 0.000000 1.000000
0.000000 -0.000000 1.000000 0.000000 0.987337 -0.158638 -0.000000 0.211260 0.158638 0.987337 0.000000 0.059226 0.000000 0.000000 0.000000 1.000000
0.000000 -0.000000 1.000000 0.000000 0.990871 -0.134816 -0.000000 0.211260 0.134816 0.990871 0.000000 0.059226 0.000000 0.000000 0.000000 1.000000
0.000000 -0.000000 1.000000 0.000000 0.996975 -0.077720 -0.000000 0.211260 0.077720 0.996975 0.000000 0.059226 0.000000 0.000000 0.000000 1.000000
0.000000 -0.000000 1.000000 0.000000 0.999957 -0.009254 -0.000000 0.211260 0.009254 0.999957 0.000000 0.059226 0.000000 0.000000 0.000000 1.000000
0.000000 -0.000000 1.000000 0.000000 0.998840 0.048157 -0.000000 0.211260 -0.048157 0.998840 0.000000 0.059226 0.000000 0.000000 0.000000 1.000000
0.000000 -0.000000 1.000000 -0.000000 0.997390 0.072196 -0.000000 0.211260 -0.072196 0.997390 0.000000 0.059226 0.000000 0.000000 0.000000 1.000000
0.000000 -0.000000 1.000000 -0.000000 0.997681 0.068065 -0.000000 0.211260 -0.068065 0.997681 0.000000 0.059226 0.000000 0.000000 0.000000 1.000000
0.000000 -0.000000 1.000000 -0.000000 0.998390 0.056722 -0.000000 0.211260 -0.056722 0.998390 0.000000 0.059226 0.000000 0.000000 0.000000 1.000000
0.000000 -0.000000 1.000000 -0.000000 0.999210 0.039740 -0.000000 0.211260 -0.039740 0.999210 0.000000 0.059226 0.000000 0.000000 0.000000 1.000000
0.000000 -0.000000 1.000000 -0.000000 0.999825 0.018698 -0.000000 0.211260 -0.018698 0.999825 0.000000 0.059226 0.000000 0.000000 0.000000 1.000000
0.000000 -0.000000 1.000000 -0.000000 0.999988 -0.004813 -0.000000 0.211260 0.004813 0.999988 0.000000 0.059226 0.000000 0.000000 0.000000 1.000000
0.000000 -0.000000 1.000000 -0.000000 0.999574 -0.029196 -0.000000 0.211260 0.029196 0.999574 0.000000 0.059226 0.000000 0.000000 0.000000 1.000000
0.000000 -0.000000 1.000000 -0.000000 0.998602 -0.052850 -0.000000 0.211260 0.052850 0.998602 0.000000 0.059226 0.000000 0.000000 0.000000 1.000000
0.000000 -0.000000 1.000000 -0.000000 0.997245 -0.074180 -0.000000 0.211260 0.074180 0.997245 0.000000 0.059226 0.000000 0.000000 0.000000 1.000000
0.000000 -0.000000 1.000000 -0.000000 0.995795 -0.091606 -0.000000 0.211260 0.091606 0.995795 0.000000 0.059226 0.000000 0.000000 0.000000 1.000000
0.000000 -0.000000 1.000000 -0.000000 0.994314 -0.106491 -0.000000 0.211260 0.106491 0.994314 0.000000 0.059226 0.000000 0.000000 0.000000 1.000000
0.000000 -0.000000 1.000000 -0.000000 0.992695 -0.120651 -0.000000 0.211260 0.120651 0.992695 0.000000 0.059226 0.000000 0.000000 0.000000 1.000000
0.000000 -0.000000 1.000000 -0.000000 0.991090 -0.133197 -0.000000 0.211260 0.133197 0.991090 0.000000 0.059226 0.000000 0.000000 0.000000 1.000000
0.000000 -0.000000 1.000000 -0.000000 0.989687 -0.143246 -0.000000 0.211260 0.143246 0.989687 0.000000 0.059226 0.000000 0.000000 0.000000 1.000000
0.000000 -0.000000 1.000000 -0.000000 0.988698 -0.149919 -0.000000 0.211260 0.149919 0.988698 0.000000 0.059226 0.000000 0.000000 0.000000 1.000000
0.000000 -0.000000 1.000000 -0.000000 0.988328 -0.152339 -0.000000 0.211260 0.152339 0.988328 0.000000 0.059226 0.000000 0.000000 0.000000 1.000000
0.000000 -0.000000 1.000000 -0.000000 0.989104 -0.147222 -0.000000 0.211260 0.147222 0.989104 0.000000 0.059226 0.000000 0.000000 0.000000 1.000000
0.000000 -0.000000 1.000000 0.000000 0.991074 -0.133312 -0.000000 0.211260 0.133312 0.991074 0.000000 0.059226 0.000000 0.000000 0.000000 1.000000
0.000000 -0.000000 1.000000 0.000000 0.993622 -0.112765 -0.000000 0.211260 0.112765 0.993622 0.000000 0.059226 0.000000 0.000000 0.000000 1.000000
0.000000 -0.000000 1.000000 0.000000 0.996142 -0.087751 -0.000000 0.211260 0.087751 0.996142 0.000000 0.059226 0.000000 0.000000 0.000000 1.000000
0.000000 -0.000000 1.000000 0.000000 0.998170 -0.060468 -0.000000 0.211260 0.060468 0.998170 0.000000 0.059226 0.000000 0.000000 0.000000 1.000000
0.000000 -0.000000 1.000000 0.000000 0.999451 -0.033140 -0.000000 0.211260 0.033140 0.999451 0.000000 0.059226 0.000000 0.000000 0.000000 1.000000
0.000000 -0.000000 1.000000 0.000000 0.999968 -0.008005 -0.000000 0.211260 0.008005 0.999968 0.000000 0.059226 0.000000 0.000000 0.000000 1.000000
0.000000 -0.000000 1.000000 -0.000000 0.999919 0.012699 -0.000000 0.211260 -0.012699 0.999919 0.000000 0.059226 0.000000 0.000000 0.000000 1.000000
0.000000 -0.000000 1.000000 -0.000000 0.999642 0.026745 -0.000000 0.211260 -0.026745 0.999642 0.000000 0.059226 0.000000 0.000000 0.000000 1.000000
0.000000 -0.000000 1.000000 0.000000 0.999490 0.031919 -0.000000 0.211260 -0.031919 0.999490 0.000000 0.059226 0.000000 0.000000 0.000000 1.000000</float_array><technique_common><accessor source="#Spine_01-Matrix-animation-output-transform-array" count="45" stride="16"><param type="float4x4"/></accessor></technique_common></source><source id="Spine_01-Interpolations"><Name_array id="Spine_01-Interpolations-array" count="45">
 LINEAR LINEAR LINEAR LINEAR LINEAR LINEAR LINEAR LINEAR LINEAR LINEAR LINEAR
LINEAR LINEAR LINEAR LINEAR LINEAR LINEAR LINEAR LINEAR LINEAR LINEAR LINEAR LINEAR
LINEAR LINEAR LINEAR LINEAR LINEAR LINEAR LINEAR LINEAR LINEAR LINEAR LINEAR LINEAR
LINEAR LINEAR LINEAR LINEAR LINEAR LINEAR LINEAR LINEAR LINEAR LINEAR</Name_array><technique_common><accessor source="#Spine_01-Interpolations-array" count="45"><param type="name"/></accessor></technique_common></source><sampler id="Spine_01-Matrix-animation-transform"><input semantic="INPUT" source="#Spine_01-Matrix-animation-input"/><input semantic="OUTPUT" source="#Spine_01-Matrix-animation-output-transform"/><input semantic="INTERPOLATION" source="#Spine_01-Interpolations"/></sampler><channel source="#Spine_01-Matrix-animation-transform" target="Spine_01/matrix"/></animation></animation>
    <animation id="Spine_02-anim" name="Spine_02"><animation><source id="Spine_02-Matrix-animation-input"><float_array id="Spine_02-Matrix-animation-input-array" count="45">

0.041667 0.083333 0.125000 0.166667 0.208333 0.250000 0.291667 0.333333 0.375000 0.416667 0.458333 0.500000 0.541667 0.583333 0.625000 0.666667
0.708333 0.750000 0.791667 0.833333 0.875000 0.916667 0.958333 1.000000 1.041667 1.083333 1.125000 1.166667 1.208333 1.250000 1.291667 1.333333
1.375000 1.416667 1.458333 1.500000 1.541667 1.583333 1.625000 1.666667 1.708333 1.750000 1.791667 1.833333 1.875000</float_array><technique_common><accessor source="#Spine_02-Matrix-animation-input-array" count="45"><param name="TIME" type="float"/></accessor></technique_common></source><source id="Spine_02-Matrix-animation-output-transform"><float_array id="Spine_02-Matrix-animation-output-transform-array" count="720">

0.976719 0.214524 0.000000 0.204170 -0.214524 0.976719 0.000000 0.000000 -0.000000 -0.000000 1.000000 -0.000000 0.000000 0.000000 0.000000 1.000000
0.976719 0.214524 0.000000 0.204170 -0.214524 0.976719 0.000000 -0.000000 -0.000000 -0.000000 1.000000 -0.000000 0.000000 0.000000 0.000000 1.000000
0.976719 0.214524 0.000000 0.204170 -0.214524 0.976719 0.000000 -0.000000 -0.000000 -0.000000 1.000000 -0.000000 0.000000 0.000000 0.000000 1.000000
0.976719 0.214524 0.000000 0.204170 -0.214524 0.976719 0.000000 0.000000 -0.000000 -0.000000 1.000000 -0.000000 0.000000 0.000000 0.000000 1.000000
0.976719 0.214524 -0.000000 0.204170 -0.214524 0.976719 0.000000 0.000000 0.000000 -0.000000 1.000000 0.000000 0.000000 0.000000 0.000000 1.000000
0.976719 0.214524 0.000000 0.204170 -0.214524 0.976719 0.000000 -0.000000 -0.000000 -0.000000 1.000000 -0.000000 0.000000 0.000000 0.000000 1.000000
0.976719 0.214524 0.000000 0.204170 -0.214524 0.976719 0.000000 -0.000000 -0.000000 -0.000000 1.000000 -0.000000 0.000000 0.000000 0.000000 1.000000
0.976719 0.214524 0.000000 0.204170 -0.214524 0.976719 0.000000 -0.000000 -0.000000 -0.000000 1.000000 -0.000000 0.000000 0.000000 0.000000 1.000000
0.976719 0.214524 0.000000 0.204170 -0.214524 0.976719 0.000000 -0.000000 -0.000000 -0.000000 1.000000 -0.000000 0.000000 0.000000 0.000000 1.000000
0.976719 0.214524 0.000000 0.204170 -0.214524 0.976719 0.000000 0.000000 -0.000000 -0.000000 1.000000 -0.000000 0.000000 0.000000 0.000000 1.000000
0.976719 0.214524 0.000000 0.204170 -0.214524 0.976719 0.000000 -0.000000 -0.000000 -0.000000 1.000000 -0.000000 0.000000 0.000000 0.000000 1.000000
0.976719 0.214524 0.000000 0.204170 -0.214524 0.976719 0.000000 -0.000000 -0.000000 -0.000000 1.000000 -0.000000 0.000000 0.000000 0.000000 1.000000
0.976719 0.214524 -0.000000 0.204170 -0.214524 0.976719 0.000000 -0.000000 0.000000 -0.000000 1.000000 0.000000 0.000000 0.000000 0.000000 1.000000
0.976719 0.214524 -0.000000 0.204170 -0.214524 0.976719 0.000000 -0.000000 0.000000 -0.000000 1.000000 -0.000000 0.000000 0.000000 0.000000 1.000000
0.976719 0.214524 0.000000 0.204170 -0.214524 0.976719 0.000000 0.000000 -0.000000 -0.000000 1.000000 -0.000000 0.000000 0.000000 0.000000 1.000000
0.976719 0.214524 -0.000000 0.204170 -0.214524 0.976719 0.000000 0.000000 0.000000 -0.000000 1.000000 -0.000000 0.000000 0.000000 0.000000 1.000000
0.976719 0.214524 -0.000000 0.204170 -0.214524 0.976719 0.000000 -0.000000 0.000000 -0.000000 1.000000 0.000000 0.000000 0.000000 0.000000 1.000000
0.976719 0.214524 0.000000 0.204170 -0.214524 0.976719 0.000000 0.000000 -0.000000 -0.000000 1.000000 -0.000000 0.000000 0.000000 0.000000 1.000000
0.976719 0.214524 0.000000 0.204170 -0.214524 0.976719 0.000000 0.000000 -0.000000 -0.000000 1.000000 -0.000000 0.000000 0.000000 0.000000 1.000000
0.976719 0.214524 0.000000 0.204170 -0.214524 0.976719 0.000000 0.000000 -0.000000 -0.000000 1.000000 -0.000000 0.000000 0.000000 0.000000 1.000000
0.976719 0.214524 0.000000 0.204170 -0.214524 0.976719 0.000000 0.000000 -0.000000 -0.000000 1.000000 -0.000000 0.000000 0.000000 0.000000 1.000000
0.976719 0.214524 -0.000000 0.204170 -0.214524 0.976719 0.000000 0.000000 0.000000 -0.000000 1.000000 -0.000000 0.000000 0.000000 0.000000 1.000000
0.976719 0.214524 -0.000000 0.204170 -0.214524 0.976719 0.000000 -0.000000 0.000000 -0.000000 1.000000 -0.000000 0.000000 0.000000 0.000000 1.000000
0.976719 0.214524 -0.000000 0.204170 -0.214524 0.976719 0.000000 0.000000 0.000000 -0.000000 1.000000 0.000000 0.000000 0.000000 0.000000 1.000000
0.976719 0.214524 -0.000000 0.204170 -0.214524 0.976719 0.000000 -0.000000 0.000000 -0.000000 1.000000 -0.000000 0.000000 0.000000 0.000000 1.000000
0.976719 0.214524 0.000000 0.204170 -0.214524 0.976719 0.000000 -0.000000 -0.000000 -0.000000 1.000000 -0.000000 0.000000 0.000000 0.000000 1.000000
0.976719 0.214524 0.000000 0.204170 -0.214524 0.976719 0.000000 0.000000 -0.000000 -0.000000 1.000000 -0.000000 0.000000 0.000000 0.000000 1.000000
0.976719 0.214524 -0.000000 0.204170 -0.214524 0.976719 0.000000 -0.000000 0.000000 -0.000000 1.000000 -0.000000 0.000000 0.000000 0.000000 1.000000
0.976719 0.214524 0.000000 0.204170 -0.214524 0.976719 0.000000 0.000000 -0.000000 -0.000000 1.000000 -0.000000 0.000000 0.000000 0.000000 1.000000
0.976719 0.214524 0.000000 0.204170 -0.214524 0.976719 0.000000 0.000000 -0.000000 -0.000000 1.000000 -0.000000 0.000000 0.000000 0.000000 1.000000
0.976719 0.214524 0.000000 0.204170 -0.214524 0.976719 0.000000 0.000000 -0.000000 -0.000000 1.000000 0.000000 0.000000 0.000000 0.000000 1.000000
0.976719 0.214524 -0.000000 0.204170 -0.214524 0.976719 0.000000 0.000000 0.000000 -0.000000 1.000000 -0.000000 0.000000 0.000000 0.000000 1.000000
0.976719 0.214524 -0.000000 0.204170 -0.214524 0.976719 0.000000 0.000000 0.000000 -0.000000 1.000000 -0.000000 0.000000 0.000000 0.000000 1.000000
0.976719 0.214524 -0.000000 0.204170 -0.214524 0.976719 0.000000 0.000000 0.000000 -0.000000 1.000000 -0.000000 0.000000 0.000000 0.000000 1.000000
0.976719 0.214524 0.000000 0.204170 -0.214524 0.976719 0.000000 0.000000 -0.000000 -0.000000 1.000000 0.000000 0.000000 0.000000 0.000000 1.000000
0.976719 0.214524 0.000000 0.204170 -0.214524 0.976719 0.000000 -0.000000 -0.000000 -0.000000 1.000000 -0.000000 0.000000 0.000000 0.000000 1.000000
0.976719 0.214524 0.000000 0.204170 -0.214524 0.976719 0.000000 -0.000000 -0.000000 -0.000000 1.000000 -0.000000 0.000000 0.000000 0.000000 1.000000
0.976719 0.214524 -0.000000 0.204170 -0.214524 0.976719 0.000000 -0.000000 0.000000 -0.000000 1.000000 -0.000000 0.000000 0.000000 0.000000 1.000000
0.976719 0.214524 0.000000 0.204170 -0.214524 0.976719 0.000000 0.000000 -0.000000 -0.000000 1.000000 -0.000000 0.000000 0.000000 0.000000 1.000000
0.976719 0.214524 0.000000 0.204170 -0.214524 0.976719 0.000000 0.000000 -0.000000 -0.000000 1.000000 -0.000000 0.000000 0.000000 0.000000 1.000000
0.976719 0.214524 -0.000000 0.204170 -0.214524 0.976719 0.000000 0.000000 0.000000 -0.000000 1.000000 -0.000000 0.000000 0.000000 0.000000 1.000000
0.976719 0.214524 0.000000 0.204170 -0.214524 0.976719 0.000000 0.000000 -0.000000 -0.000000 1.000000 -0.000000 0.000000 0.000000 0.000000 1.000000
0.976719 0.214524 -0.000000 0.204170 -0.214524 0.976719 0.000000 0.000000 0.000000 -0.000000 1.000000 0.000000 0.000000 0.000000 0.000000 1.000000
0.976719 0.214524 -0.000000 0.204170 -0.214524 0.976719 0.000000 -0.000000 0.000000 -0.000000 1.000000 0.000000 0.000000 0.000000 0.000000 1.000000
0.976719 0.214524 -0.000000 0.204170 -0.214524 0.976719 0.000000 0.000000 0.000000 -0.000000 1.000000 -0.000000 0.000000 0.000000 0.000000 1.000000</float_array><technique_common><accessor source="#Spine_02-Matrix-animation-output-transform-array" count="45" stride="16"><param type="float4x4"/></accessor></technique_common></source><source id="Spine_02-Interpolations"><Name_array id="Spine_02-Interpolations-array" count="45">
 LINEAR LINEAR LINEAR LINEAR LINEAR LINEAR LINEAR LINEAR LINEAR LINEAR LINEAR
LINEAR LINEAR LINEAR LINEAR LINEAR LINEAR LINEAR LINEAR LINEAR LINEAR LINEAR LINEAR
LINEAR LINEAR LINEAR LINEAR LINEAR LINEAR LINEAR LINEAR LINEAR LINEAR LINEAR LINEAR
LINEAR LINEAR LINEAR LINEAR LINEAR LINEAR LINEAR LINEAR LINEAR LINEAR</Name_array><technique_common><accessor source="#Spine_02-Interpolations-array" count="45"><param type="name"/></accessor></technique_common></source><sampler id="Spine_02-Matrix-animation-transform"><input semantic="INPUT" source="#Spine_02-Matrix-animation-input"/><input semantic="OUTPUT" source="#Spine_02-Matrix-animation-output-transform"/><input semantic="INTERPOLATION" source="#Spine_02-Interpolations"/></sampler><channel source="#Spine_02-Matrix-animation-transform" target="Spine_02/matrix"/></animation></animation>
    <animation id="Spine_03-anim" name="Spine_03"><animation><source id="Spine_03-Matrix-animation-input"><float_array id="Spine_03-Matrix-animation-input-array" count="45">

0.041667 0.083333 0.125000 0.166667 0.208333 0.250000 0.291667 0.333333 0.375000 0.416667 0.458333 0.500000 0.541667 0.583333 0.625000 0.666667
0.708333 0.750000 0.791667 0.833333 0.875000 0.916667 0.958333 1.000000 1.041667 1.083333 1.125000 1.166667 1.208333 1.250000 1.291667 1.333333
1.375000 1.416667 1.458333 1.500000 1.541667 1.583333 1.625000 1.666667 1.708333 1.750000 1.791667 1.833333 1.875000</float_array><technique_common><accessor source="#Spine_03-Matrix-animation-input-array" count="45"><param name="TIME" type="float"/></accessor></technique_common></source><source id="Spine_03-Matrix-animation-output-transform"><float_array id="Spine_03-Matrix-animation-output-transform-array" count="720">

0.967759 0.251309 0.016892 0.299514 0.251271 -0.967907 0.004386 0.000000 0.017452 0.000000 -0.999848 -0.000000 0.000000 0.000000 0.000000 1.000000
0.967684 0.251272 0.021231 0.299514 0.251561 -0.967764 -0.012210 0.000000 0.017478 0.017157 -0.999700 -0.000000 0.000000 0.000000 0.000000 1.000000
0.967480 0.250806 0.032847 0.299514 0.252340 -0.965979 -0.056651 0.000000 0.017521 0.063097 -0.997854 -0.000000 0.000000 0.000000 0.000000 1.000000
0.967185 0.249185 0.049599 0.299514 0.253469 -0.959779 -0.120736 0.000000 0.017518 0.129346 -0.991445 -0.000000 0.000000 0.000000 0.000000 1.000000
0.966836 0.245825 0.069266 0.299514 0.254803 -0.946927 -0.195974 0.000000 0.017414 0.207123 -0.978160 0.000000 0.000000 0.000000 0.000000 1.000000
0.966473 0.240628 0.089605 0.299514 0.256194 -0.927043 -0.273781 0.000000 0.017188 0.287557 -0.957609 -0.000000 0.000000 0.000000 0.000000 1.000000
0.966133 0.234140 0.108472 0.299514 0.257495 -0.902224 -0.345960 0.000000 0.016863 0.362174 -0.931958 -0.000000 0.000000 0.000000 0.000000 1.000000
0.965852 0.227525 0.123948 0.299514 0.258570 -0.876917 -0.405164 0.000000 0.016507 0.423377 -0.905803 -0.000000 0.000000 0.000000 0.000000 1.000000
0.965661 0.222361 0.134364 0.299514 0.259298 -0.857163 -0.445013 0.000000 0.016219 0.464572 -0.885387 -0.000000 0.000000 0.000000 0.000000 1.000000
0.965591 0.220312 0.138189 0.299514 0.259566 -0.849325 -0.459644 0.000000 0.016102 0.479697 -0.877287 -0.000000 0.000000 0.000000 0.000000 1.000000
0.965768 0.225338 0.128507 0.299514 0.258888 -0.868552 -0.422605 0.000000 0.016386 0.441408 -0.897157 -0.000000 0.000000 0.000000 0.000000 1.000000
0.966263 0.236826 0.101234 0.299514 0.256994 -0.912501 -0.318271 0.000000 0.017001 0.333550 -0.942579 -0.000000 0.000000 0.000000 0.000000 1.000000
0.967018 0.247770 0.059049 0.299514 0.254108 -0.954367 -0.156886 0.000000 0.017482 0.166716 -0.985850 -0.000000 0.000000 0.000000 0.000000 1.000000
0.967945 0.251086 0.006263 0.299514 0.250563 -0.967052 0.045050 0.000000 0.017368 -0.042036 -0.998965 -0.000000 0.000000 0.000000 0.000000 1.000000
0.968922 0.242141 -0.050575 0.299514 0.246824 -0.932833 0.262489 0.000000 0.016381 -0.266814 -0.963609 -0.000000 0.000000 0.000000 0.000000 1.000000
0.969818 0.220577 -0.103921 0.299514 0.243397 -0.850338 0.466566 0.000000 0.014546 -0.477777 -0.878360 -0.000000 0.000000 0.000000 0.000000 1.000000
0.970529 0.190583 -0.147487 0.299514 0.240677 -0.735591 0.633230 0.000000 0.012193 -0.650065 -0.759781 -0.000000 0.000000 0.000000 0.000000 1.000000
0.971011 0.159498 -0.178040 0.299514 0.238832 -0.616675 0.750114 0.000000 0.009849 -0.770891 -0.636892 -0.000000 0.000000 0.000000 0.000000 1.000000
0.971277 0.135617 -0.195523 0.299514 0.237815 -0.525317 0.816998 0.000000 0.008087 -0.840030 -0.542480 -0.000000 0.000000 0.000000 0.000000 1.000000
0.971361 0.126327 -0.201242 0.299514 0.237491 -0.489777 0.838878 0.000000 0.007409 -0.862647 -0.505752 -0.000000 0.000000 0.000000 0.000000 1.000000
0.971343 0.128461 -0.199978 0.299514 0.237563 -0.497939 0.834039 0.000000 0.007565 -0.857645 -0.514187 -0.000000 0.000000 0.000000 0.000000 1.000000
0.971288 0.134397 -0.196306 0.299514 0.237770 -0.520649 0.819994 0.000000 0.007998 -0.843127 -0.537656 -0.000000 0.000000 0.000000 0.000000 1.000000
0.971199 0.143366 -0.190314 0.299514 0.238114 -0.554959 0.797071 0.000000 0.008656 -0.819431 -0.573113 -0.000000 0.000000 0.000000 0.000000 1.000000
0.971073 0.154533 -0.182038 0.299514 0.238596 -0.597681 0.765408 0.000000 0.009480 -0.786700 -0.617262 -0.000000 0.000000 0.000000 0.000000 1.000000
0.970910 0.167042 -0.171553 0.299514 0.239218 -0.645535 0.725300 0.000000 0.010412 -0.745239 -0.666716 -0.000000 0.000000 0.000000 0.000000 1.000000
0.970713 0.180057 -0.159045 0.299514 0.239971 -0.695325 0.677449 0.000000 0.011391 -0.695775 -0.718169 -0.000000 0.000000 0.000000 0.000000 1.000000
0.970486 0.192812 -0.144844 0.299514 0.240839 -0.744121 0.623122 0.000000 0.012364 -0.639615 -0.768596 -0.000000 0.000000 0.000000 0.000000 1.000000
0.970237 0.204660 -0.129439 0.299514 0.241793 -0.789446 0.564190 0.000000 0.013282 -0.578696 -0.815435 0.000000 0.000000 0.000000 0.000000 1.000000
0.969975 0.215112 -0.113467 0.299514 0.242794 -0.829430 0.503087 0.000000 0.014107 -0.515531 -0.856755 -0.000000 0.000000 0.000000 0.000000 1.000000
0.969714 0.223860 -0.097679 0.299514 0.243793 -0.862898 0.442687 0.000000 0.014813 -0.453094 -0.891340 -0.000000 0.000000 0.000000 0.000000 1.000000
0.969467 0.230783 -0.082899 0.299514 0.244737 -0.889379 0.386146 0.000000 0.015387 -0.394644 -0.918705 -0.000000 0.000000 0.000000 0.000000 1.000000
0.969250 0.235915 -0.069982 0.299514 0.245567 -0.909015 0.336732 0.000000 0.015825 -0.343563 -0.938996 -0.000000 0.000000 0.000000 0.000000 1.000000
0.969078 0.239404 -0.059777 0.299514 0.246226 -0.922362 0.297691 0.000000 0.016132 -0.303205 -0.952789 -0.000000 0.000000 0.000000 0.000000 1.000000
0.968965 0.241429 -0.053098 0.299514 0.246660 -0.930107 0.272141 0.000000 0.016315 -0.276792 -0.960791 -0.000000 0.000000 0.000000 0.000000 1.000000
0.968924 0.242104 -0.050712 0.299514 0.246815 -0.932689 0.263011 0.000000 0.016378 -0.267354 -0.963459 -0.000000 0.000000 0.000000 0.000000 1.000000
0.968924 0.242104 -0.050712 0.299514 0.246815 -0.932689 0.263011 0.000000 0.016378 -0.267354 -0.963459 -0.000000 0.000000 0.000000 0.000000 1.000000
0.968924 0.242104 -0.050712 0.299514 0.246815 -0.932689 0.263011 0.000000 0.016378 -0.267354 -0.963459 -0.000000 0.000000 0.000000 0.000000 1.000000
0.968924 0.242104 -0.050712 0.299514 0.246815 -0.932689 0.263011 0.000000 0.016378 -0.267354 -0.963459 -0.000000 0.000000 0.000000 0.000000 1.000000
0.968924 0.242104 -0.050712 0.299514 0.246815 -0.932689 0.263011 0.000000 0.016378 -0.267354 -0.963459 -0.000000 0.000000 0.000000 0.000000 1.000000
0.968924 0.242104 -0.050712 0.299514 0.246815 -0.932689 0.263011 0.000000 0.016378 -0.267354 -0.963459 -0.000000 0.000000 0.000000 0.000000 1.000000
0.968924 0.242104 -0.050712 0.299514 0.246815 -0.932689 0.263011 0.000000 0.016378 -0.267354 -0.963459 -0.000000 0.000000 0.000000 0.000000 1.000000
0.968924 0.242104 -0.050712 0.299514 0.246815 -0.932689 0.263011 0.000000 0.016378 -0.267354 -0.963459 -0.000000 0.000000 0.000000 0.000000 1.000000
0.968924 0.242104 -0.050712 0.299514 0.246815 -0.932689 0.263011 0.000000 0.016378 -0.267354 -0.963459 0.000000 0.000000 0.000000 0.000000 1.000000
0.968924 0.242104 -0.050712 0.299514 0.246815 -0.932689 0.263011 0.000000 0.016378 -0.267354 -0.963459 -0.000000 0.000000 0.000000 0.000000 1.000000
0.968924 0.242104 -0.050712 0.299514 0.246815 -0.932689 0.263011 0.000000 0.016378 -0.267354 -0.963459 -0.000000 0.000000 0.000000 0.000000 1.000000</float_array><technique_common><accessor source="#Spine_03-Matrix-animation-output-transform-array" count="45" stride="16"><param type="float4x4"/></accessor></technique_common></source><source id="Spine_03-Interpolations"><Name_array id="Spine_03-Interpolations-array" count="45">
 LINEAR LINEAR LINEAR LINEAR LINEAR LINEAR LINEAR LINEAR LINEAR LINEAR LINEAR
LINEAR LINEAR LINEAR LINEAR LINEAR LINEAR LINEAR LINEAR LINEAR LINEAR LINEAR LINEAR
LINEAR LINEAR LINEAR LINEAR LINEAR LINEAR LINEAR LINEAR LINEAR LINEAR LINEAR LINEAR
LINEAR LINEAR LINEAR LINEAR LINEAR LINEAR LINEAR LINEAR LINEAR LINEAR</Name_array><technique_common><accessor source="#Spine_03-Interpolations-array" count="45"><param type="name"/></accessor></technique_common></source><sampler id="Spine_03-Matrix-animation-transform"><input semantic="INPUT" source="#Spine_03-Matrix-animation-input"/><input semantic="OUTPUT" source="#Spine_03-Matrix-animation-output-transform"/><input semantic="INTERPOLATION" source="#Spine_03-Interpolations"/></sampler><channel source="#Spine_03-Matrix-animation-transform" target="Spine_03/matrix"/></animation></animation>
    <animation id="Head-anim" name="Head"><animation><source id="Head-Matrix-animation-input"><float_array id="Head-Matrix-animation-input-array" count="45">

0.041667 0.083333 0.125000 0.166667 0.208333 0.250000 0.291667 0.333333 0.375000 0.416667 0.458333 0.500000 0.541667 0.583333 0.625000 0.666667
0.708333 0.750000 0.791667 0.833333 0.875000 0.916667 0.958333 1.000000 1.041667 1.083333 1.125000 1.166667 1.208333 1.250000 1.291667 1.333333
1.375000 1.416667 1.458333 1.500000 1.541667 1.583333 1.625000 1.666667 1.708333 1.750000 1.791667 1.833333 1.875000</float_array><technique_common><accessor source="#Head-Matrix-animation-input-array" count="45"><param name="TIME" type="float"/></accessor></technique_common></source><source id="Head-Matrix-animation-output-transform"><float_array id="Head-Matrix-animation-output-transform-array" count="720">

0.990039 -0.103102 -0.095877 0.133559 0.133166 0.906818 0.399935 0.000000 0.045709 -0.408719 0.911515 0.000000 0.000000 0.000000 0.000000 1.000000
0.990215 -0.102240 -0.094976 0.133559 0.131827 0.908593 0.396333 0.000000 0.045773 -0.404976 0.913181 0.000000 0.000000 0.000000 0.000000 1.000000
0.990712 -0.099758 -0.092398 0.133559 0.127992 0.913571 0.386014 0.000000 0.045904 -0.394255 0.917854 0.000000 0.000000 0.000000 0.000000 1.000000
0.991475 -0.095789 -0.088324 0.133559 0.121924 0.921128 0.369673 0.000000 0.045947 -0.377291 0.924954 0.000000 0.000000 0.000000 0.000000 1.000000
0.992442 -0.090448 -0.082932 0.133559 0.113887 0.930559 0.347981 0.000000 0.045699 -0.354796 0.933826 0.000000 0.000000 0.000000 0.000000 1.000000
0.993546 -0.083841 -0.076404 0.133559 0.104149 0.941126 0.321612 0.000000 0.044941 -0.327494 0.943784 0.000000 0.000000 0.000000 0.000000 1.000000
0.994717 -0.076081 -0.068923 0.133559 0.093004 0.952110 0.291267 0.000000 0.043463 -0.296139 0.954156 0.000000 0.000000 0.000000 0.000000 1.000000
0.995886 -0.067296 -0.060685 0.133559 0.080766 0.962846 0.257689 0.000000 0.041089 -0.261530 0.964320 0.000000 0.000000 0.000000 0.000000 1.000000
0.996988 -0.057636 -0.051891 0.133559 0.067773 0.972765 0.221666 -0.000000 0.037702 -0.224515 0.973741 0.000000 0.000000 0.000000 0.000000 1.000000
0.997966 -0.047277 -0.042753 0.133559 0.054377 0.981414 0.184036 0.000000 0.033258 -0.185987 0.981989 0.000000 0.000000 0.000000 0.000000 1.000000
0.998775 -0.036430 -0.033487 0.133559 0.040939 0.988484 0.145680 0.000000 0.027794 -0.146872 0.988765 0.000000 0.000000 0.000000 0.000000 1.000000
0.999383 -0.025338 -0.024312 0.133559 0.027812 0.993815 0.107507 0.000000 0.021437 -0.108117 0.993907 0.000000 0.000000 0.000000 0.000000 1.000000
0.999779 -0.014279 -0.015449 0.133559 0.015334 0.997398 0.070447 0.000000 0.014403 -0.070669 0.997396 0.000000 0.000000 0.000000 0.000000 1.000000
0.999968 -0.003559 -0.007114 0.133559 0.003809 0.999365 0.035433 0.000000 0.006984 -0.035459 0.999347 0.000000 0.000000 0.000000 0.000000 1.000000
0.999979 0.006490 0.000480 0.133559 -0.006491 0.999973 0.003388 0.000000 -0.000458 -0.003391 0.999994 0.000000 0.000000 0.000000 0.000000 1.000000
0.999854 0.015516 0.007129 0.133559 -0.015335 0.999575 -0.024778 -0.000000 -0.007510 0.024665 0.999668 0.000000 0.000000 0.000000 0.000000 1.000000
0.999652 0.023156 0.012635 0.133559 -0.022522 0.998585 -0.048180 0.000000 -0.013733 0.047879 0.998759 0.000000 0.000000 0.000000 0.000000 1.000000
0.999437 0.029045 0.016804 0.133559 -0.027878 0.997433 -0.065951 0.000000 -0.018677 0.065445 0.997681 0.000000 0.000000 0.000000 0.000000 1.000000
0.999272 0.032826 0.019447 0.133559 -0.031232 0.996523 -0.077236 0.000000 -0.021915 0.076573 0.996823 -0.000000 0.000000 0.000000 0.000000 1.000000
0.999209 0.034157 0.020372 0.133559 -0.032398 0.996172 -0.081188 0.000000 -0.023067 0.080464 0.996491 0.000000 0.000000 0.000000 0.000000 1.000000
0.999253 0.032847 0.020364 0.133559 -0.031091 0.996210 -0.081229 0.000000 -0.022955 0.080535 0.996487 -0.000000 0.000000 0.000000 0.000000 1.000000
0.999371 0.029059 0.020341 0.133559 -0.027315 0.996312 -0.081347 0.000000 -0.022630 0.080740 0.996478 0.000000 0.000000 0.000000 0.000000 1.000000
0.999529 0.023009 0.020305 0.133559 -0.021282 0.996443 -0.081536 0.000000 -0.022109 0.081065 0.996464 0.000000 0.000000 0.000000 0.000000 1.000000
0.999684 0.014912 0.020259 0.133559 -0.013208 0.996562 -0.081789 0.000000 -0.021409 0.081495 0.996444 -0.000000 0.000000 0.000000 0.000000 1.000000
0.999783 0.004982 0.020205 0.133559 -0.003307 0.996619 -0.082100 0.000000 -0.020546 0.082015 0.996419 0.000000 0.000000 0.000000 0.000000 1.000000
0.999775 -0.006565 0.020146 0.133559 0.008206 0.996560 -0.082462 0.000000 -0.019536 0.082608 0.996391 0.000000 0.000000 0.000000 0.000000 1.000000
0.999608 -0.019512 0.020085 0.133559 0.021113 0.996337 -0.082868 0.000000 -0.018395 0.083260 0.996358 0.000000 0.000000 0.000000 0.000000 1.000000
