<?xml version="1.0" encoding="utf-8"?>
<COLLADA xmlns="http://www.collada.org/2005/11/COLLADASchema" version="1.4.1">
  <asset><contributor><author></author><authoring_tool>FBX COLLADA exporter</authoring_tool><comments></comments></contributor><created>2013-12-14T16:02:08Z</created><keywords></keywords><modified>2013-12-14T16:02:08Z</modified><revision></revision><subject></subject><title></title><unit meter="0.010000" name="centimeter"></unit><up_axis>Y_UP</up_axis></asset>
  <library_animations>
    <animation id="Pelvis-anim" name="Pelvis"><animation><source id="Pelvis-Matrix-animation-input"><float_array id="Pelvis-Matrix-animation-input-array" count="20">

0.041667 0.083333 0.125000 0.166667 0.208333 0.250000 0.291667 0.333333 0.375000 0.416667 0.458333 0.500000 0.541667 0.583333 0.625000 0.666667
0.708333 0.750000 0.791667 0.833333</float_array><technique_common><accessor source="#Pelvis-Matrix-animation-input-array" count="20"><param name="TIME" type="float"/></accessor></technique_common></source><source id="Pelvis-Matrix-animation-output-transform"><float_array id="Pelvis-Matrix-animation-output-transform-array" count="320">

0.998680 -0.006605 -0.050928 0.031696 0.002887 0.997347 -0.072732 2.003307 0.051274 0.072489 0.996050 0.732216 0.000000 0.000000 0.000000 1.000000
0.998680 -0.006605 -0.050928 0.031696 0.002887 0.997347 -0.072732 2.005394 0.051274 0.072489 0.996050 0.729602 0.000000 0.000000 0.000000 1.000000
0.998680 -0.006605 -0.050928 0.031696 0.002887 0.997347 -0.072732 2.010986 0.051274 0.072489 0.996050 0.722598 0.000000 0.000000 0.000000 1.000000
0.998680 -0.006605 -0.050928 0.031696 0.002887 0.997347 -0.072732 2.019081 0.051274 0.072489 0.996050 0.712459 0.000000 0.000000 0.000000 1.000000
0.998680 -0.006605 -0.050928 0.031696 0.002887 0.997347 -0.072732 2.028679 0.051274 0.072489 0.996050 0.700437 0.000000 0.000000 0.000000 1.000000
0.998680 -0.006605 -0.050928 0.031696 0.002887 0.997347 -0.072732 2.038778 0.051274 0.072489 0.996050 0.687789 0.000000 0.000000 0.000000 1.000000
0.998680 -0.006605 -0.050928 0.031696 0.002887 0.997347 -0.072732 2.048376 0.051274 0.072489 0.996050 0.675767 0.000000 0.000000 0.000000 1.000000
0.998680 -0.006605 -0.050928 0.031696 0.002887 0.997347 -0.072732 2.056471 0.051274 0.072489 0.996050 0.665628 0.000000 0.000000 0.000000 1.000000
0.998680 -0.006605 -0.050928 0.031696 0.002887 0.997347 -0.072732 2.062063 0.051274 0.072489 0.996050 0.658624 0.000000 0.000000 0.000000 1.000000
0.998680 -0.006605 -0.050928 0.031696 0.002887 0.997347 -0.072732 2.064149 0.051274 0.072489 0.996050 0.656011 0.000000 0.000000 0.000000 1.000000
0.998680 -0.006605 -0.050928 0.031696 0.002887 0.997347 -0.072732 2.062446 0.051274 0.072489 0.996050 0.658144 0.000000 0.000000 0.000000 1.000000
0.998680 -0.006605 -0.050928 0.031696 0.002887 0.997347 -0.072732 2.057822 0.051274 0.072489 0.996050 0.663936 0.000000 0.000000 0.000000 1.000000
0.998680 -0.006605 -0.050928 0.031696 0.002887 0.997347 -0.072732 2.051008 0.051274 0.072489 0.996050 0.672471 0.000000 0.000000 0.000000 1.000000
0.998680 -0.006605 -0.050928 0.031696 0.002887 0.997347 -0.072732 2.042733 0.051274 0.072489 0.996050 0.682835 0.000000 0.000000 0.000000 1.000000
0.998680 -0.006605 -0.050928 0.031696 0.002887 0.997347 -0.072732 2.033728 0.051274 0.072489 0.996050 0.694113 0.000000 0.000000 0.000000 1.000000
0.998680 -0.006605 -0.050928 0.031696 0.002887 0.997347 -0.072732 2.024724 0.051274 0.072489 0.996050 0.705391 0.000000 0.000000 0.000000 1.000000
0.998680 -0.006605 -0.050928 0.031696 0.002887 0.997347 -0.072732 2.016449 0.051274 0.072489 0.996050 0.715755 0.000000 0.000000 0.000000 1.000000
0.998680 -0.006605 -0.050928 0.031696 0.002887 0.997347 -0.072732 2.009635 0.051274 0.072489 0.996050 0.724290 0.000000 0.000000 0.000000 1.000000
0.998680 -0.006605 -0.050928 0.031696 0.002887 0.997347 -0.072732 2.005011 0.051274 0.072489 0.996050 0.730082 0.000000 0.000000 0.000000 1.000000
0.998680 -0.006605 -0.050928 0.031696 0.002887 0.997347 -0.072732 2.003307 0.051274 0.072489 0.996050 0.732216 0.000000 0.000000 0.000000 1.000000</float_array><technique_common><accessor source="#Pelvis-Matrix-animation-output-transform-array" count="20" stride="16"><param type="float4x4"/></accessor></technique_common></source><source id="Pelvis-Interpolations"><Name_array id="Pelvis-Interpolations-array" count="20">
 LINEAR LINEAR LINEAR LINEAR LINEAR LINEAR LINEAR LINEAR LINEAR LINEAR LINEAR
LINEAR LINEAR LINEAR LINEAR LINEAR LINEAR LINEAR LINEAR LINEAR</Name_array><technique_common><accessor source="#Pelvis-Interpolations-array" count="20"><param type="name"/></accessor></technique_common></source><sampler id="Pelvis-Matrix-animation-transform"><input semantic="INPUT" source="#Pelvis-Matrix-animation-input"/><input semantic="OUTPUT" source="#Pelvis-Matrix-animation-output-transform"/><input semantic="INTERPOLATION" source="#Pelvis-Interpolations"/></sampler><channel source="#Pelvis-Matrix-animation-transform" target="Pelvis/matrix"/></animation></animation>
    <animation id="Spine_01-anim" name="Spine_01"><animation><source id="Spine_01-Matrix-animation-input"><float_array id="Spine_01-Matrix-animation-input-array" count="20">

0.041667 0.083333 0.125000 0.166667 0.208333 0.250000 0.291667 0.333333 0.375000 0.416667 0.458333 0.500000 0.541667 0.583333 0.625000 0.666667
0.708333 0.750000 0.791667 0.833333</float_array><technique_common><accessor source="#Spine_01-Matrix-animation-input-array" count="20"><param name="TIME" type="float"/></accessor></technique_common></source><source id="Spine_01-Matrix-animation-output-transform"><float_array id="Spine_01-Matrix-animation-output-transform-array" count="320">

0.000000 -0.000000 1.000000 -0.000000 0.997390 0.072196 -0.000000 0.211260 -0.072196 0.997390 0.000000 0.059226 0.000000 0.000000 0.000000 1.000000
0.000000 -0.000000 1.000000 0.000000 0.997390 0.072196 -0.000000 0.211260 -0.072196 0.997390 0.000000 0.059226 0.000000 0.000000 0.000000 1.000000
0.000000 -0.000000 1.000000 0.000000 0.997390 0.072196 -0.000000 0.211260 -0.072196 0.997390 0.000000 0.059226 0.000000 0.000000 0.000000 1.000000
0.000000 -0.000000 1.000000 0.000000 0.997390 0.072196 -0.000000 0.211260 -0.072196 0.997390 0.000000 0.059226 0.000000 0.000000 0.000000 1.000000
0.000000 -0.000000 1.000000 0.000000 0.997390 0.072196 -0.000000 0.211260 -0.072196 0.997390 0.000000 0.059226 0.000000 0.000000 0.000000 1.000000
0.000000 -0.000000 1.000000 0.000000 0.997390 0.072196 -0.000000 0.211260 -0.072196 0.997390 0.000000 0.059226 0.000000 0.000000 0.000000 1.000000
0.000000 -0.000000 1.000000 -0.000000 0.997390 0.072196 -0.000000 0.211260 -0.072196 0.997390 0.000000 0.059226 0.000000 0.000000 0.000000 1.000000
0.000000 -0.000000 1.000000 -0.000000 0.997390 0.072196 -0.000000 0.211260 -0.072196 0.997390 0.000000 0.059226 0.000000 0.000000 0.000000 1.000000
0.000000 -0.000000 1.000000 0.000000 0.997390 0.072196 -0.000000 0.211260 -0.072196 0.997390 0.000000 0.059226 0.000000 0.000000 0.000000 1.000000
0.000000 -0.000000 1.000000 -0.000000 0.997390 0.072196 -0.000000 0.211260 -0.072196 0.997390 0.000000 0.059226 0.000000 0.000000 0.000000 1.000000
0.000000 -0.000000 1.000000 0.000000 0.997390 0.072196 -0.000000 0.211260 -0.072196 0.997390 0.000000 0.059226 0.000000 0.000000 0.000000 1.000000
0.000000 -0.000000 1.000000 -0.000000 0.997390 0.072196 -0.000000 0.211260 -0.072196 0.997390 0.000000 0.059226 0.000000 0.000000 0.000000 1.000000
0.000000 -0.000000 1.000000 0.000000 0.997390 0.072196 -0.000000 0.211260 -0.072196 0.997390 0.000000 0.059226 0.000000 0.000000 0.000000 1.000000
0.000000 -0.000000 1.000000 0.000000 0.997390 0.072196 -0.000000 0.211260 -0.072196 0.997390 0.000000 0.059226 0.000000 0.000000 0.000000 1.000000
0.000000 -0.000000 1.000000 0.000000 0.997390 0.072196 -0.000000 0.211260 -0.072196 0.997390 0.000000 0.059226 0.000000 0.000000 0.000000 1.000000
0.000000 -0.000000 1.000000 0.000000 0.997390 0.072196 -0.000000 0.211260 -0.072196 0.997390 0.000000 0.059226 0.000000 0.000000 0.000000 1.000000
0.000000 -0.000000 1.000000 0.000000 0.997390 0.072196 -0.000000 0.211260 -0.072196 0.997390 0.000000 0.059226 0.000000 0.000000 0.000000 1.000000
0.000000 -0.000000 1.000000 0.000000 0.997390 0.072196 -0.000000 0.211260 -0.072196 0.997390 0.000000 0.059226 0.000000 0.000000 0.000000 1.000000
0.000000 -0.000000 1.000000 0.000000 0.997390 0.072196 -0.000000 0.211260 -0.072196 0.997390 0.000000 0.059226 0.000000 0.000000 0.000000 1.000000
0.000000 -0.000000 1.000000 -0.000000 0.997390 0.072196 -0.000000 0.211260 -0.072196 0.997390 0.000000 0.059226 0.000000 0.000000 0.000000 1.000000</float_array><technique_common><accessor source="#Spine_01-Matrix-animation-output-transform-array" count="20" stride="16"><param type="float4x4"/></accessor></technique_common></source><source id="Spine_01-Interpolations"><Name_array id="Spine_01-Interpolations-array" count="20">
 LINEAR LINEAR LINEAR LINEAR LINEAR LINEAR LINEAR LINEAR LINEAR LINEAR LINEAR
LINEAR LINEAR LINEAR LINEAR LINEAR LINEAR LINEAR LINEAR LINEAR</Name_array><technique_common><accessor source="#Spine_01-Interpolations-array" count="20"><param type="name"/></accessor></technique_common></source><sampler id="Spine_01-Matrix-animation-transform"><input semantic="INPUT" source="#Spine_01-Matrix-animation-input"/><input semantic="OUTPUT" source="#Spine_01-Matrix-animation-output-transform"/><input semantic="INTERPOLATION" source="#Spine_01-Interpolations"/></sampler><channel source="#Spine_01-Matrix-animation-transform" target="Spine_01/matrix"/></animation></animation>
    <animation id="Spine_02-anim" name="Spine_02"><animation><source id="Spine_02-Matrix-animation-input"><float_array id="Spine_02-Matrix-animation-input-array" count="20">

0.041667 0.083333 0.125000 0.166667 0.208333 0.250000 0.291667 0.333333 0.375000 0.416667 0.458333 0.500000 0.541667 0.583333 0.625000 0.666667
0.708333 0.750000 0.791667 0.833333</float_array><technique_common><accessor source="#Spine_02-Matrix-animation-input-array" count="20"><param name="TIME" type="float"/></accessor></technique_common></source><source id="Spine_02-Matrix-animation-output-transform"><float_array id="Spine_02-Matrix-animation-output-transform-array" count="320">

0.976719 0.214524 0.000000 0.204170 -0.214524 0.976719 0.000000 0.000000 -0.000000 -0.000000 1.000000 -0.000000 0.000000 0.000000 0.000000 1.000000
0.976719 0.214524 0.000000 0.204170 -0.214524 0.976719 0.000000 -0.000000 -0.000000 -0.000000 1.000000 -0.000000 0.000000 0.000000 0.000000 1.000000
0.976719 0.214524 0.000000 0.204170 -0.214524 0.976719 0.000000 0.000000 -0.000000 -0.000000 1.000000 -0.000000 0.000000 0.000000 0.000000 1.000000
0.976719 0.214524 0.000000 0.204170 -0.214524 0.976719 0.000000 -0.000000 -0.000000 -0.000000 1.000000 -0.000000 0.000000 0.000000 0.000000 1.000000
0.976719 0.214524 0.000000 0.204170 -0.214524 0.976719 0.000000 0.000000 -0.000000 -0.000000 1.000000 -0.000000 0.000000 0.000000 0.000000 1.000000
0.976719 0.214524 0.000000 0.204170 -0.214524 0.976719 0.000000 -0.000000 -0.000000 -0.000000 1.000000 -0.000000 0.000000 0.000000 0.000000 1.000000
0.976719 0.214524 0.000000 0.204170 -0.214524 0.976719 0.000000 -0.000000 -0.000000 -0.000000 1.000000 -0.000000 0.000000 0.000000 0.000000 1.000000
0.976719 0.214524 0.000000 0.204170 -0.214524 0.976719 0.000000 0.000000 -0.000000 -0.000000 1.000000 -0.000000 0.000000 0.000000 0.000000 1.000000
0.976719 0.214524 0.000000 0.204170 -0.214524 0.976719 0.000000 -0.000000 -0.000000 -0.000000 1.000000 -0.000000 0.000000 0.000000 0.000000 1.000000
0.976719 0.214524 0.000000 0.204170 -0.214524 0.976719 0.000000 -0.000000 -0.000000 -0.000000 1.000000 -0.000000 0.000000 0.000000 0.000000 1.000000
0.976719 0.214524 0.000000 0.204170 -0.214524 0.976719 0.000000 -0.000000 -0.000000 -0.000000 1.000000 -0.000000 0.000000 0.000000 0.000000 1.000000
0.976719 0.214524 0.000000 0.204170 -0.214524 0.976719 0.000000 0.000000 -0.000000 -0.000000 1.000000 -0.000000 0.000000 0.000000 0.000000 1.000000
0.976719 0.214524 0.000000 0.204170 -0.214524 0.976719 0.000000 -0.000000 -0.000000 -0.000000 1.000000 -0.000000 0.000000 0.000000 0.000000 1.000000
0.976719 0.214524 0.000000 0.204170 -0.214524 0.976719 0.000000 0.000000 -0.000000 -0.000000 1.000000 -0.000000 0.000000 0.000000 0.000000 1.000000
0.976719 0.214524 0.000000 0.204170 -0.214524 0.976719 0.000000 0.000000 -0.000000 -0.000000 1.000000 -0.000000 0.000000 0.000000 0.000000 1.000000
0.976719 0.214524 0.000000 0.204170 -0.214524 0.976719 0.000000 0.000000 -0.000000 -0.000000 1.000000 -0.000000 0.000000 0.000000 0.000000 1.000000
0.976719 0.214524 0.000000 0.204170 -0.214524 0.976719 0.000000 -0.000000 -0.000000 -0.000000 1.000000 -0.000000 0.000000 0.000000 0.000000 1.000000
0.976719 0.214524 0.000000 0.204170 -0.214524 0.976719 0.000000 -0.000000 -0.000000 -0.000000 1.000000 -0.000000 0.000000 0.000000 0.000000 1.000000
0.976719 0.214524 0.000000 0.204170 -0.214524 0.976719 0.000000 -0.000000 -0.000000 -0.000000 1.000000 -0.000000 0.000000 0.000000 0.000000 1.000000
0.976719 0.214524 0.000000 0.204170 -0.214524 0.976719 0.000000 0.000000 -0.000000 -0.000000 1.000000 -0.000000 0.000000 0.000000 0.000000 1.000000</float_array><technique_common><accessor source="#Spine_02-Matrix-animation-output-transform-array" count="20" stride="16"><param type="float4x4"/></accessor></technique_common></source><source id="Spine_02-Interpolations"><Name_array id="Spine_02-Interpolations-array" count="20">
 LINEAR LINEAR LINEAR LINEAR LINEAR LINEAR LINEAR LINEAR LINEAR LINEAR LINEAR
LINEAR LINEAR LINEAR LINEAR LINEAR LINEAR LINEAR LINEAR LINEAR</Name_array><technique_common><accessor source="#Spine_02-Interpolations-array" count="20"><param type="name"/></accessor></technique_common></source><sampler id="Spine_02-Matrix-animation-transform"><input semantic="INPUT" source="#Spine_02-Matrix-animation-input"/><input semantic="OUTPUT" source="#Spine_02-Matrix-animation-output-transform"/><input semantic="INTERPOLATION" source="#Spine_02-Interpolations"/></sampler><channel source="#Spine_02-Matrix-animation-transform" target="Spine_02/matrix"/></animation></animation>
    <animation id="Spine_03-anim" name="Spine_03"><animation><source id="Spine_03-Matrix-animation-input"><float_array id="Spine_03-Matrix-animation-input-array" count="20">

0.041667 0.083333 0.125000 0.166667 0.208333 0.250000 0.291667 0.333333 0.375000 0.416667 0.458333 0.500000 0.541667 0.583333 0.625000 0.666667
0.708333 0.750000 0.791667 0.833333</float_array><technique_common><accessor source="#Spine_03-Matrix-animation-input-array" count="20"><param name="TIME" type="float"/></accessor></technique_common></source><source id="Spine_03-Matrix-animation-output-transform"><float_array id="Spine_03-Matrix-animation-output-transform-array" count="320">

0.967759 0.251309 0.016892 0.299514 0.251271 -0.967907 0.004386 0.000000 0.017452 0.000000 -0.999848 -0.000000 0.000000 0.000000 0.000000 1.000000
0.967759 0.251309 0.016892 0.299514 0.251271 -0.967907 0.004386 -0.000000 0.017452 0.000000 -0.999848 -0.000000 0.000000 0.000000 0.000000 1.000000
0.967759 0.251309 0.016892 0.299514 0.251271 -0.967907 0.004386 -0.000000 0.017452 0.000000 -0.999848 -0.000000 0.000000 0.000000 0.000000 1.000000
0.967759 0.251309 0.016892 0.299514 0.251271 -0.967907 0.004386 0.000000 0.017452 0.000000 -0.999848 -0.000000 0.000000 0.000000 0.000000 1.000000
0.967759 0.251309 0.016892 0.299514 0.251271 -0.967907 0.004386 -0.000000 0.017452 0.000000 -0.999848 -0.000000 0.000000 0.000000 0.000000 1.000000
0.967759 0.251309 0.016892 0.299514 0.251271 -0.967907 0.004386 -0.000000 0.017452 0.000000 -0.999848 -0.000000 0.000000 0.000000 0.000000 1.000000
0.967759 0.251309 0.016892 0.299514 0.251271 -0.967907 0.004386 -0.000000 0.017452 0.000000 -0.999848 -0.000000 0.000000 0.000000 0.000000 1.000000
0.967759 0.251309 0.016892 0.299514 0.251271 -0.967907 0.004386 -0.000000 0.017452 0.000000 -0.999848 -0.000000 0.000000 0.000000 0.000000 1.000000
0.967759 0.251309 0.016892 0.299514 0.251271 -0.967907 0.004386 -0.000000 0.017452 0.000000 -0.999848 -0.000000 0.000000 0.000000 0.000000 1.000000
0.967759 0.251309 0.016892 0.299514 0.251271 -0.967907 0.004386 0.000000 0.017452 0.000000 -0.999848 -0.000000 0.000000 0.000000 0.000000 1.000000
0.967759 0.251309 0.016892 0.299514 0.251271 -0.967907 0.004386 0.000000 0.017452 0.000000 -0.999848 -0.000000 0.000000 0.000000 0.000000 1.000000
0.967759 0.251309 0.016892 0.299514 0.251271 -0.967907 0.004386 0.000000 0.017452 0.000000 -0.999848 -0.000000 0.000000 0.000000 0.000000 1.000000
0.967759 0.251309 0.016892 0.299514 0.251271 -0.967907 0.004386 0.000000 0.017452 0.000000 -0.999848 -0.000000 0.000000 0.000000 0.000000 1.000000
0.967759 0.251309 0.016892 0.299514 0.251271 -0.967907 0.004386 -0.000000 0.017452 0.000000 -0.999848 -0.000000 0.000000 0.000000 0.000000 1.000000
0.967759 0.251309 0.016892 0.299514 0.251271 -0.967907 0.004386 -0.000000 0.017452 0.000000 -0.999848 -0.000000 0.000000 0.000000 0.000000 1.000000
0.967759 0.251309 0.016892 0.299514 0.251271 -0.967907 0.004386 -0.000000 0.017452 0.000000 -0.999848 -0.000000 0.000000 0.000000 0.000000 1.000000
0.967759 0.251309 0.016892 0.299514 0.251271 -0.967907 0.004386 0.000000 0.017452 0.000000 -0.999848 -0.000000 0.000000 0.000000 0.000000 1.000000
0.967759 0.251309 0.016892 0.299514 0.251271 -0.967907 0.004386 0.000000 0.017452 0.000000 -0.999848 -0.000000 0.000000 0.000000 0.000000 1.000000
0.967759 0.251309 0.016892 0.299514 0.251271 -0.967907 0.004386 -0.000000 0.017452 0.000000 -0.999848 -0.000000 0.000000 0.000000 0.000000 1.000000
0.967759 0.251309 0.016892 0.299514 0.251271 -0.967907 0.004386 0.000000 0.017452 0.000000 -0.999848 -0.000000 0.000000 0.000000 0.000000 1.000000</float_array><technique_common><accessor source="#Spine_03-Matrix-animation-output-transform-array" count="20" stride="16"><param type="float4x4"/></accessor></technique_common></source><source id="Spine_03-Interpolations"><Name_array id="Spine_03-Interpolations-array" count="20">
 LINEAR LINEAR LINEAR LINEAR LINEAR LINEAR LINEAR LINEAR LINEAR LINEAR LINEAR
LINEAR LINEAR LINEAR LINEAR LINEAR LINEAR LINEAR LINEAR LINEAR</Name_array><technique_common><accessor source="#Spine_03-Interpolations-array" count="20"><param type="name"/></accessor></technique_common></source><sampler id="Spine_03-Matrix-animation-transform"><input semantic="INPUT" source="#Spine_03-Matrix-animation-input"/><input semantic="OUTPUT" source="#Spine_03-Matrix-animation-output-transform"/><input semantic="INTERPOLATION" source="#Spine_03-Interpolations"/></sampler><channel source="#Spine_03-Matrix-animation-transform" target="Spine_03/matrix"/></animation></animation>
    <animation id="Head-anim" name="Head"><animation><source id="Head-Matrix-animation-input"><float_array id="Head-Matrix-animation-input-array" count="20">

0.041667 0.083333 0.125000 0.166667 0.208333 0.250000 0.291667 0.333333 0.375000 0.416667 0.458333 0.500000 0.541667 0.583333 0.625000 0.666667
0.708333 0.750000 0.791667 0.833333</float_array><technique_common><accessor source="#Head-Matrix-animation-input-array" count="20"><param name="TIME" type="float"/></accessor></technique_common></source><source id="Head-Matrix-animation-output-transform"><float_array id="Head-Matrix-animation-output-transform-array" count="320">

0.990039 -0.103102 -0.095877 0.133559 0.133166 0.906818 0.399935 0.000000 0.045709 -0.408719 0.911515 0.000000 0.000000 0.000000 0.000000 1.000000
0.990098 -0.103366 -0.094978 0.133559 0.132859 0.908457 0.396300 0.000000 0.045319 -0.404995 0.913195 0.000000 0.000000 0.000000 0.000000 1.000000
0.990265 -0.104102 -0.092406 0.133559 0.131994 0.913055 0.385886 0.000000 0.044200 -0.394326 0.917907 0.000000 0.000000 0.000000 0.000000 1.000000
0.990520 -0.105197 -0.088342 0.133559 0.130657 0.920042 0.369393 0.000000 0.042419 -0.377434 0.925064 0.000000 0.000000 0.000000 0.000000 1.000000
0.990843 -0.106525 -0.082964 0.133559 0.128948 0.928772 0.347499 0.000000 0.040038 -0.355014 0.934003 0.000000 0.000000 0.000000 0.000000 1.000000
0.991212 -0.107950 -0.076453 0.133559 0.126967 0.938570 0.320882 0.000000 0.037118 -0.327769 0.944028 0.000000 0.000000 0.000000 0.000000 1.000000
0.991607 -0.109341 -0.068995 0.133559 0.124813 0.948776 0.290251 0.000000 0.033725 -0.296426 0.954460 0.000000 0.000000 0.000000 0.000000 1.000000
0.992007 -0.110579 -0.060784 0.133559 0.122583 0.958778 0.256354 0.000000 0.029931 -0.261756 0.964670 0.000000 0.000000 0.000000 0.000000 1.000000
0.992394 -0.111569 -0.052022 0.133559 0.120364 0.968048 0.219989 0.000000 0.025816 -0.224577 0.974114 0.000000 0.000000 0.000000 0.000000 1.000000
0.992754 -0.112239 -0.042921 0.133559 0.118232 0.976164 0.182003 0.000000 0.021470 -0.185759 0.982361 0.000000 0.000000 0.000000 0.000000 1.000000
0.993075 -0.112548 -0.033696 0.133559 0.116248 0.982831 0.143285 0.000000 0.016991 -0.146209 0.989108 0.000000 0.000000 0.000000 0.000000 1.000000
0.993349 -0.112489 -0.024567 0.133559 0.114462 0.987889 0.104754 0.000000 0.012486 -0.106870 0.994195 0.000000 0.000000 0.000000 0.000000 1.000000
0.993573 -0.112088 -0.015753 0.133559 0.112902 0.991321 0.067350 0.000000 0.008067 -0.068696 0.997605 0.000000 0.000000 0.000000 0.000000 1.000000
0.993747 -0.111402 -0.007469 0.133559 0.111586 0.993239 0.032015 0.000000 0.003852 -0.032648 0.999459 0.000000 0.000000 0.000000 0.000000 1.000000
0.993875 -0.110514 0.000074 0.133559 0.110514 0.993874 -0.000319 0.000000 -0.000039 0.000326 1.000000 0.000000 0.000000 0.000000 0.000000 1.000000
0.993961 -0.109529 0.006676 0.133559 0.109677 0.993552 -0.028737 0.000000 -0.003485 0.029296 0.999565 0.000000 0.000000 0.000000 0.000000 1.000000
0.994015 -0.108564 0.012139 0.133559 0.109055 0.992657 -0.052345 0.000000 -0.006368 0.053356 0.998555 0.000000 0.000000 0.000000 0.000000 1.000000
0.994045 -0.107744 0.016276 0.133559 0.108629 0.991596 -0.070270 0.000000 -0.008568 0.071620 0.997395 0.000000 0.000000 0.000000 0.000000 1.000000
0.994060 -0.107182 0.018897 0.133559 0.108378 0.990751 -0.081653 0.000000 -0.009970 0.083216 0.996482 0.000000 0.000000 0.000000 0.000000 1.000000
0.994064 -0.106979 0.019813 0.133559 0.108294 0.990423 -0.085638 0.000000 -0.010462 0.087275 0.996129 0.000000 0.000000 0.000000 0.000000 1.000000</float_array><technique_common><accessor source="#Head-Matrix-animation-output-transform-array" count="20" stride="16"><param type="float4x4"/></accessor></technique_common></source><source id="Head-Interpolations"><Name_array id="Head-Interpolations-array" count="20">
 LINEAR LINEAR LINEAR LINEAR LINEAR LINEAR LINEAR LINEAR LINEAR LINEAR LINEAR
LINEAR LINEAR LINEAR LINEAR LINEAR LINEAR LINEAR LINEAR LINEAR</Name_array><technique_common><accessor source="#Head-Interpolations-array" count="20"><param type="name"/></accessor></technique_common></source><sampler id="Head-Matrix-animation-transform"><input semantic="INPUT" source="#Head-Matrix-animation-input"/><input semantic="OUTPUT" source="#Head-Matrix-animation-output-transform"/><input semantic="INTERPOLATION" source="#Head-Interpolations"/></sampler><channel source="#Head-Matrix-animation-transform" target="Head/matrix"/></animation></animation>
    <animation id="M_Hair_Jnt_0-anim" name="M_Hair_Jnt_0"><animation><source id="M_Hair_Jnt_0-Matrix-animation-input"><float_array id="M_Hair_Jnt_0-Matrix-animation-input-array" count="20">

0.041667 0.083333 0.125000 0.166667 0.208333 0.250000 0.291667 0.333333 0.375000 0.416667 0.458333 0.500000 0.541667 0.583333 0.625000 0.666667
0.708333 0.750000 0.791667 0.833333</float_array><technique_common><accessor source="#M_Hair_Jnt_0-Matrix-animation-input-array" count="20"><param name="TIME" type="float"/></accessor></technique_common></source><source id="M_Hair_Jnt_0-Matrix-animation-output-transform"><float_array id="M_Hair_Jnt_0-Matrix-animation-output-transform-array" count="320">

-0.571581 0.820534 -0.004395 0.191574 0.807576 0.563488 0.174075 0.208364 0.145311 0.095949 -0.984723 -0.007597 0.000000 0.000000 0.000000 1.000000
-0.571581 0.820534 -0.004395 0.191574 0.807576 0.563488 0.174076 0.208364 0.145312 0.095949 -0.984722 -0.007597 0.000000 0.000000 0.000000 1.000000
-0.571581 0.820534 -0.004396 0.191574 0.807576 0.563487 0.174079 0.208364 0.145315 0.095950 -0.984722 -0.007597 0.000000 0.000000 0.000000 1.000000
-0.571581 0.820534 -0.004398 0.191574 0.807575 0.563487 0.174084 0.208364 0.145320 0.095952 -0.984721 -0.007597 0.000000 0.000000 0.000000 1.000000
-0.571581 0.820534 -0.004399 0.191574 0.807574 0.563486 0.174091 0.208364 0.145326 0.095954 -0.984720 -0.007597 0.000000 0.000000 0.000000 1.000000
-0.571580 0.820534 -0.004402 0.191574 0.807573 0.563485 0.174099 0.208364 0.145334 0.095957 -0.984718 -0.007597 0.000000 0.000000 0.000000 1.000000
-0.571580 0.820535 -0.004404 0.191574 0.807572 0.563484 0.174108 0.208364 0.145343 0.095960 -0.984717 -0.007597 0.000000 0.000000 0.000000 1.000000
-0.571579 0.820535 -0.004407 0.191574 0.807570 0.563483 0.174118 0.208364 0.145353 0.095963 -0.984715 -0.007597 0.000000 0.000000 0.000000 1.000000
-0.571579 0.820535 -0.004410 0.191574 0.807568 0.563483 0.174128 0.208364 0.145363 0.095966 -0.984713 -0.007597 0.000000 0.000000 0.000000 1.000000
-0.571579 0.820535 -0.004413 0.191574 0.807567 0.563482 0.174139 0.208364 0.145374 0.095970 -0.984711 -0.007597 0.000000 0.000000 0.000000 1.000000
-0.571578 0.820536 -0.004416 0.191574 0.807565 0.563481 0.174150 0.208364 0.145385 0.095974 -0.984709 -0.007597 0.000000 0.000000 0.000000 1.000000
-0.571578 0.820536 -0.004420 0.191574 0.807563 0.563480 0.174161 0.208364 0.145396 0.095978 -0.984707 -0.007597 0.000000 0.000000 0.000000 1.000000
-0.571578 0.820536 -0.004422 0.191574 0.807562 0.563479 0.174171 0.208364 0.145406 0.095981 -0.984705 -0.007597 0.000000 0.000000 0.000000 1.000000
-0.571578 0.820536 -0.004425 0.191574 0.807560 0.563478 0.174181 0.208364 0.145415 0.095984 -0.984704 -0.007597 0.000000 0.000000 0.000000 1.000000
-0.571578 0.820536 -0.004428 0.191574 0.807559 0.563478 0.174189 0.208364 0.145424 0.095987 -0.984702 -0.007597 0.000000 0.000000 0.000000 1.000000
-0.571578 0.820536 -0.004430 0.191574 0.807557 0.563477 0.174197 0.208364 0.145431 0.095990 -0.984701 -0.007597 0.000000 0.000000 0.000000 1.000000
-0.571578 0.820536 -0.004432 0.191574 0.807556 0.563477 0.174203 0.208364 0.145437 0.095992 -0.984700 -0.007597 0.000000 0.000000 0.000000 1.000000
-0.571578 0.820536 -0.004433 0.191574 0.807555 0.563477 0.174208 0.208364 0.145442 0.095994 -0.984699 -0.007597 0.000000 0.000000 0.000000 1.000000
-0.571578 0.820536 -0.004434 0.191574 0.807555 0.563476 0.174211 0.208364 0.145445 0.095995 -0.984698 -0.007597 0.000000 0.000000 0.000000 1.000000
-0.571578 0.820536 -0.004434 0.191574 0.807555 0.563476 0.174212 0.208364 0.145446 0.095995 -0.984698 -0.007597 0.000000 0.000000 0.000000 1.000000</float_array><technique_common><accessor source="#M_Hair_Jnt_0-Matrix-animation-output-transform-array" count="20" stride="16"><param type="float4x4"/></accessor></technique_common></source><source id="M_Hair_Jnt_0-Interpolations"><Name_array id="M_Hair_Jnt_0-Interpolations-array" count="20">
 LINEAR LINEAR LINEAR LINEAR LINEAR LINEAR LINEAR LINEAR LINEAR LINEAR LINEAR
LINEAR LINEAR LINEAR LINEAR LINEAR LINEAR LINEAR LINEAR LINEAR</Name_array><technique_common><accessor source="#M_Hair_Jnt_0-Interpolations-array" count="20"><param type="name"/></accessor></technique_common></source><sampler id="M_Hair_Jnt_0-Matrix-animation-transform"><input semantic="INPUT" source="#M_Hair_Jnt_0-Matrix-animation-input"/><input semantic="OUTPUT" source="#M_Hair_Jnt_0-Matrix-animation-output-transform"/><input semantic="INTERPOLATION" source="#M_Hair_Jnt_0-Interpolations"/></sampler><channel source="#M_Hair_Jnt_0-Matrix-animation-transform" target="M_Hair_Jnt_0/matrix"/></animation></animation>
    <animation id="M_Hair_Jnt_1-anim" name="M_Hair_Jnt_1"><animation><source id="M_Hair_Jnt_1-Matrix-animation-input"><float_array id="M_Hair_Jnt_1-Matrix-animation-input-array" count="20">

0.041667 0.083333 0.125000 0.166667 0.208333 0.250000 0.291667 0.333333 0.375000 0.416667 0.458333 0.500000 0.541667 0.583333 0.625000 0.666667
0.708333 0.750000 0.791667 0.833333</float_array><technique_common><accessor source="#M_Hair_Jnt_1-Matrix-animation-input-array" count="20"><param name="TIME" type="float"/></accessor></technique_common></source><source id="M_Hair_Jnt_1-Matrix-animation-output-transform"><float_array id="M_Hair_Jnt_1-Matrix-animation-output-transform-array" count="320">

0.978257 0.207383 -0.002409 0.147208 -0.207392 0.978248 -0.004474 -0.000000 0.001429 0.004876 0.999987 -0.004321 0.000000 0.000000 0.000000 1.000000
0.978257 0.207383 -0.002409 0.147208 -0.207392 0.978248 -0.004474 0.000000 0.001429 0.004876 0.999987 -0.004321 0.000000 0.000000 0.000000 1.000000
0.978257 0.207383 -0.002409 0.147208 -0.207392 0.978248 -0.004474 -0.000000 0.001429 0.004876 0.999987 -0.004321 0.000000 0.000000 0.000000 1.000000
0.978257 0.207383 -0.002409 0.147208 -0.207392 0.978248 -0.004474 0.000000 0.001429 0.004876 0.999987 -0.004321 0.000000 0.000000 0.000000 1.000000
0.978257 0.207383 -0.002409 0.147208 -0.207392 0.978248 -0.004474 0.000000 0.001429 0.004876 0.999987 -0.004321 0.000000 0.000000 0.000000 1.000000
0.978257 0.207383 -0.002409 0.147208 -0.207392 0.978248 -0.004474 0.000000 0.001429 0.004876 0.999987 -0.004321 0.000000 0.000000 0.000000 1.000000
0.978257 0.207383 -0.002409 0.147208 -0.207392 0.978248 -0.004474 0.000000 0.001429 0.004876 0.999987 -0.004321 0.000000 0.000000 0.000000 1.000000
0.978257 0.207383 -0.002409 0.147208 -0.207392 0.978248 -0.004474 -0.000000 0.001429 0.004876 0.999987 -0.004321 0.000000 0.000000 0.000000 1.000000
0.978257 0.207383 -0.002409 0.147208 -0.207392 0.978248 -0.004474 0.000000 0.001429 0.004876 0.999987 -0.004321 0.000000 0.000000 0.000000 1.000000
0.978257 0.207383 -0.002409 0.147208 -0.207392 0.978248 -0.004474 0.000000 0.001429 0.004876 0.999987 -0.004321 0.000000 0.000000 0.000000 1.000000
0.978257 0.207383 -0.002409 0.147208 -0.207392 0.978248 -0.004474 0.000000 0.001429 0.004876 0.999987 -0.004321 0.000000 0.000000 0.000000 1.000000
0.978257 0.207382 -0.002409 0.147208 -0.207391 0.978248 -0.004474 0.000000 0.001429 0.004876 0.999987 -0.004321 0.000000 0.000000 0.000000 1.000000
0.978257 0.207382 -0.002409 0.147208 -0.207391 0.978248 -0.004474 0.000000 0.001429 0.004876 0.999987 -0.004321 0.000000 0.000000 0.000000 1.000000
0.978257 0.207382 -0.002409 0.147208 -0.207391 0.978248 -0.004474 0.000000 0.001429 0.004876 0.999987 -0.004321 0.000000 0.000000 0.000000 1.000000
0.978257 0.207381 -0.002409 0.147208 -0.207390 0.978248 -0.004474 0.000000 0.001429 0.004876 0.999987 -0.004321 0.000000 0.000000 0.000000 1.000000
0.978257 0.207381 -0.002409 0.147208 -0.207390 0.978248 -0.004474 -0.000000 0.001429 0.004876 0.999987 -0.004321 0.000000 0.000000 0.000000 1.000000
0.978257 0.207381 -0.002409 0.147208 -0.207390 0.978248 -0.004474 0.000000 0.001429 0.004877 0.999987 -0.004321 0.000000 0.000000 0.000000 1.000000
0.978257 0.207380 -0.002409 0.147208 -0.207389 0.978248 -0.004474 -0.000000 0.001429 0.004877 0.999987 -0.004321 0.000000 0.000000 0.000000 1.000000
0.978257 0.207380 -0.002409 0.147208 -0.207389 0.978248 -0.004474 -0.000000 0.001429 0.004877 0.999987 -0.004321 0.000000 0.000000 0.000000 1.000000
0.978257 0.207380 -0.002409 0.147208 -0.207389 0.978248 -0.004474 -0.000000 0.001429 0.004877 0.999987 -0.004321 0.000000 0.000000 0.000000 1.000000</float_array><technique_common><accessor source="#M_Hair_Jnt_1-Matrix-animation-output-transform-array" count="20" stride="16"><param type="float4x4"/></accessor></technique_common></source><source id="M_Hair_Jnt_1-Interpolations"><Name_array id="M_Hair_Jnt_1-Interpolations-array" count="20">
 LINEAR LINEAR LINEAR LINEAR LINEAR LINEAR LINEAR LINEAR LINEAR LINEAR LINEAR
LINEAR LINEAR LINEAR LINEAR LINEAR LINEAR LINEAR LINEAR LINEAR</Name_array><technique_common><accessor source="#M_Hair_Jnt_1-Interpolations-array" count="20"><param type="name"/></accessor></technique_common></source><sampler id="M_Hair_Jnt_1-Matrix-animation-transform"><input semantic="INPUT" source="#M_Hair_Jnt_1-Matrix-animation-input"/><input semantic="OUTPUT" source="#M_Hair_Jnt_1-Matrix-animation-output-transform"/><input semantic="INTERPOLATION" source="#M_Hair_Jnt_1-Interpolations"/></sampler><channel source="#M_Hair_Jnt_1-Matrix-animation-transform" target="M_Hair_Jnt_1/matrix"/></animation></animation>
    <animation id="M_Hair_Jnt_2-anim" name="M_Hair_Jnt_2"><animation><source id="M_Hair_Jnt_2-Matrix-animation-input"><float_array id="M_Hair_Jnt_2-Matrix-animation-input-array" count="20">

0.041667 0.083333 0.125000 0.166667 0.208333 0.250000 0.291667 0.333333 0.375000 0.416667 0.458333 0.500000 0.541667 0.583333 0.625000 0.666667
0.708333 0.750000 0.791667 0.833333</float_array><technique_common><accessor source="#M_Hair_Jnt_2-Matrix-animation-input-array" count="20"><param name="TIME" type="float"/></accessor></technique_common></source><source id="M_Hair_Jnt_2-Matrix-animation-output-transform"><float_array id="M_Hair_Jnt_2-Matrix-animation-output-transform-array" count="320">

0.867595 0.497253 0.004275 0.244749 -0.497238 0.867604 -0.004202 0.000000 -0.005798 0.001520 0.999982 -0.009540 0.000000 0.000000 0.000000 1.000000
0.867595 0.497253 0.004275 0.244749 -0.497238 0.867604 -0.004202 0.000000 -0.005798 0.001520 0.999982 -0.009540 0.000000 0.000000 0.000000 1.000000
0.867595 0.497254 0.004275 0.244749 -0.497238 0.867604 -0.004202 0.000000 -0.005798 0.001520 0.999982 -0.009540 0.000000 0.000000 0.000000 1.000000
0.867595 0.497254 0.004275 0.244749 -0.497238 0.867604 -0.004202 0.000000 -0.005798 0.001520 0.999982 -0.009540 0.000000 0.000000 0.000000 1.000000
0.867595 0.497254 0.004275 0.244749 -0.497238 0.867604 -0.004202 0.000000 -0.005798 0.001520 0.999982 -0.009540 0.000000 0.000000 0.000000 1.000000
0.867595 0.497254 0.004275 0.244749 -0.497238 0.867604 -0.004202 0.000000 -0.005798 0.001520 0.999982 -0.009540 0.000000 0.000000 0.000000 1.000000
0.867595 0.497254 0.004275 0.244749 -0.497238 0.867604 -0.004202 0.000000 -0.005798 0.001520 0.999982 -0.009540 0.000000 0.000000 0.000000 1.000000
0.867595 0.497254 0.004275 0.244749 -0.497238 0.867604 -0.004202 0.000000 -0.005798 0.001520 0.999982 -0.009540 0.000000 0.000000 0.000000 1.000000
0.867595 0.497254 0.004275 0.244749 -0.497238 0.867604 -0.004202 0.000000 -0.005798 0.001520 0.999982 -0.009540 0.000000 0.000000 0.000000 1.000000
0.867595 0.497253 0.004275 0.244749 -0.497238 0.867604 -0.004202 0.000000 -0.005798 0.001520 0.999982 -0.009540 0.000000 0.000000 0.000000 1.000000
0.867595 0.497253 0.004275 0.244749 -0.497237 0.867604 -0.004202 0.000000 -0.005798 0.001520 0.999982 -0.009540 0.000000 0.000000 0.000000 1.000000
0.867596 0.497252 0.004275 0.244749 -0.497237 0.867605 -0.004202 0.000000 -0.005798 0.001520 0.999982 -0.009540 0.000000 0.000000 0.000000 1.000000
0.867596 0.497251 0.004275 0.244749 -0.497236 0.867605 -0.004202 0.000000 -0.005798 0.001520 0.999982 -0.009540 0.000000 0.000000 0.000000 1.000000
0.867596 0.497251 0.004275 0.244749 -0.497235 0.867606 -0.004202 0.000000 -0.005798 0.001520 0.999982 -0.009540 0.000000 0.000000 0.000000 1.000000
0.867597 0.497250 0.004275 0.244749 -0.497234 0.867606 -0.004202 0.000000 -0.005798 0.001520 0.999982 -0.009540 0.000000 0.000000 0.000000 1.000000
0.867597 0.497249 0.004275 0.244749 -0.497233 0.867607 -0.004202 0.000000 -0.005799 0.001520 0.999982 -0.009540 0.000000 0.000000 0.000000 1.000000
0.867598 0.497248 0.004275 0.244749 -0.497233 0.867607 -0.004202 0.000000 -0.005799 0.001520 0.999982 -0.009540 0.000000 0.000000 0.000000 1.000000
0.867598 0.497248 0.004275 0.244749 -0.497232 0.867607 -0.004202 0.000000 -0.005799 0.001520 0.999982 -0.009540 0.000000 0.000000 0.000000 1.000000
0.867598 0.497247 0.004275 0.244749 -0.497232 0.867608 -0.004202 0.000000 -0.005799 0.001520 0.999982 -0.009540 0.000000 0.000000 0.000000 1.000000
0.867598 0.497247 0.004275 0.244749 -0.497232 0.867608 -0.004202 0.000000 -0.005799 0.001520 0.999982 -0.009540 0.000000 0.000000 0.000000 1.000000</float_array><technique_common><accessor source="#M_Hair_Jnt_2-Matrix-animation-output-transform-array" count="20" stride="16"><param type="float4x4"/></accessor></technique_common></source><source id="M_Hair_Jnt_2-Interpolations"><Name_array id="M_Hair_Jnt_2-Interpolations-array" count="20">
 LINEAR LINEAR LINEAR LINEAR LINEAR LINEAR LINEAR LINEAR LINEAR LINEAR LINEAR
LINEAR LINEAR LINEAR LINEAR LINEAR LINEAR LINEAR LINEAR LINEAR</Name_array><technique_common><accessor source="#M_Hair_Jnt_2-Interpolations-array" count="20"><param type="name"/></accessor></technique_common></source><sampler id="M_Hair_Jnt_2-Matrix-animation-transform"><input semantic="INPUT" source="#M_Hair_Jnt_2-Matrix-animation-input"/><input semantic="OUTPUT" source="#M_Hair_Jnt_2-Matrix-animation-output-transform"/><input semantic="INTERPOLATION" source="#M_Hair_Jnt_2-Interpolations"/></sampler><channel source="#M_Hair_Jnt_2-Matrix-animation-transform" target="M_Hair_Jnt_2/matrix"/></animation></animation>
    <animation id="M_Hair_Jnt_3-anim" name="M_Hair_Jnt_3"><animation><source id="M_Hair_Jnt_3-Matrix-animation-input"><float_array id="M_Hair_Jnt_3-Matrix-animation-input-array" count="20">

0.041667 0.083333 0.125000 0.166667 0.208333 0.250000 0.291667 0.333333 0.375000 0.416667 0.458333 0.500000 0.541667 0.583333 0.625000 0.666667
0.708333 0.750000 0.791667 0.833333</float_array><technique_common><accessor source="#M_Hair_Jnt_3-Matrix-animation-input-array" count="20"><param name="TIME" type="float"/></accessor></technique_common></source><source id="M_Hair_Jnt_3-Matrix-animation-output-transform"><float_array id="M_Hair_Jnt_3-Matrix-animation-output-transform-array" count="320">

0.952471 0.304629 -0.000137 0.217920 -0.304629 0.952471 -0.000427 -0.000000 0.000000 0.000449 1.000000 0.000000 0.000000 0.000000 0.000000 1.000000
0.952471 0.304629 -0.000137 0.217920 -0.304629 0.952471 -0.000427 -0.000000 0.000000 0.000449 1.000000 -0.000000 0.000000 0.000000 0.000000 1.000000
0.952471 0.304629 -0.000137 0.217920 -0.304629 0.952471 -0.000427 -0.000000 0.000000 0.000449 1.000000 -0.000000 0.000000 0.000000 0.000000 1.000000
0.952471 0.304629 -0.000137 0.217920 -0.304629 0.952471 -0.000427 -0.000000 0.000000 0.000449 1.000000 -0.000000 0.000000 0.000000 0.000000 1.000000
0.952471 0.304629 -0.000137 0.217920 -0.304629 0.952471 -0.000427 -0.000000 0.000000 0.000449 1.000000 -0.000000 0.000000 0.000000 0.000000 1.000000
0.952471 0.304629 -0.000137 0.217920 -0.304629 0.952471 -0.000427 -0.000000 0.000000 0.000449 1.000000 0.000000 0.000000 0.000000 0.000000 1.000000
0.952471 0.304629 -0.000137 0.217920 -0.304629 0.952471 -0.000427 -0.000000 0.000000 0.000449 1.000000 -0.000000 0.000000 0.000000 0.000000 1.000000
0.952471 0.304629 -0.000137 0.217920 -0.304629 0.952471 -0.000427 -0.000000 0.000000 0.000449 1.000000 -0.000000 0.000000 0.000000 0.000000 1.000000
0.952471 0.304629 -0.000137 0.217920 -0.304629 0.952471 -0.000427 -0.000000 0.000000 0.000449 1.000000 -0.000000 0.000000 0.000000 0.000000 1.000000
0.952471 0.304629 -0.000137 0.217920 -0.304629 0.952471 -0.000427 -0.000000 0.000000 0.000449 1.000000 -0.000000 0.000000 0.000000 0.000000 1.000000
0.952471 0.304629 -0.000137 0.217920 -0.304629 0.952471 -0.000427 -0.000000 0.000000 0.000449 1.000000 -0.000000 0.000000 0.000000 0.000000 1.000000
0.952471 0.304628 -0.000137 0.217920 -0.304628 0.952471 -0.000427 -0.000000 0.000000 0.000449 1.000000 -0.000000 0.000000 0.000000 0.000000 1.000000
0.952471 0.304628 -0.000137 0.217920 -0.304628 0.952471 -0.000427 -0.000000 0.000000 0.000449 1.000000 -0.000000 0.000000 0.000000 0.000000 1.000000
0.952472 0.304627 -0.000137 0.217920 -0.304627 0.952472 -0.000427 -0.000000 0.000000 0.000449 1.000000 -0.000000 0.000000 0.000000 0.000000 1.000000
