<?xml version="1.0" encoding="utf-8"?>
<COLLADA xmlns="http://www.collada.org/2005/11/COLLADASchema" version="1.4.1">
  <asset><contributor><author></author><authoring_tool>FBX COLLADA exporter</authoring_tool><comments></comments></contributor><created>2013-09-23T17:18:28Z</created><keywords></keywords><modified>2013-09-23T17:18:28Z</modified><revision></revision><subject></subject><title></title><unit meter="0.010000" name="centimeter"></unit><up_axis>Y_UP</up_axis></asset>
  <library_animations>
    <animation id="Pelvis-anim" name="Pelvis"><animation><source id="Pelvis-Matrix-animation-input"><float_array id="Pelvis-Matrix-animation-input-array" count="90">

0.027778 0.055556 0.083333 0.111111 0.138889 0.166667 0.194444 0.222222 0.250000 0.277778 0.305556 0.333333 0.361111 0.388889 0.416667 0.444444
0.472222 0.500000 0.527778 0.555556 0.583333 0.611111 0.638889 0.666667 0.694444 0.722222 0.750000 0.777778 0.805556 0.833333 0.861111 0.888889
0.916667 0.944444 0.972222 1.000000 1.027778 1.055556 1.083333 1.111111 1.138889 1.166667 1.194444 1.222222 1.250000 1.277778 1.305556 1.333333
1.361111 1.388889 1.416667 1.444444 1.472222 1.500000 1.527778 1.555556 1.583333 1.611111 1.638889 1.666667 1.694444 1.722222 1.750000 1.777778
1.805556 1.833333 1.861111 1.888889 1.916667 1.944444 1.972222 2.000000 2.027778 2.055556 2.083333 2.111111 2.138889 2.166667 2.194444 2.222222
2.250000 2.277778 2.305556 2.333333 2.361111 2.388889 2.416667 2.444444 2.472222 2.500000</float_array><technique_common><accessor source="#Pelvis-Matrix-animation-input-array" count="90"><param name="TIME" type="float"/></accessor></technique_common></source><source id="Pelvis-Matrix-animation-output-transform"><float_array id="Pelvis-Matrix-animation-output-transform-array" count="1440">

0.999953 -0.006606 -0.007081 0.000000 0.006076 0.997350 -0.072503 2.300447 0.007542 0.072456 0.997343 -0.084193 0.000000 0.000000 0.000000 1.000000
0.999953 -0.006606 -0.007025 0.000499 0.006080 0.997350 -0.072503 2.300099 0.007486 0.072456 0.997343 -0.083183 0.000000 0.000000 0.000000 1.000000
0.999955 -0.006606 -0.006862 0.001864 0.006091 0.997350 -0.072502 2.299137 0.007323 0.072457 0.997345 -0.080385 0.000000 0.000000 0.000000 1.000000
0.999957 -0.006605 -0.006462 0.004991 0.006119 0.997350 -0.072500 2.296906 0.006924 0.072457 0.997348 -0.073885 0.000000 0.000000 0.000000 1.000000
0.999961 -0.006604 -0.005845 0.009378 0.006163 0.997350 -0.072496 2.293720 0.006308 0.072458 0.997352 -0.064576 0.000000 0.000000 0.000000 1.000000
0.999966 -0.006602 -0.005002 0.014885 0.006222 0.997350 -0.072492 2.289653 0.005467 0.072458 0.997356 -0.052661 0.000000 0.000000 0.000000 1.000000
0.999971 -0.006600 -0.003921 0.021301 0.006299 0.997349 -0.072487 2.284815 0.004389 0.072460 0.997362 -0.038444 0.000000 0.000000 0.000000 1.000000
0.999975 -0.006599 -0.002591 0.028416 0.006394 0.997349 -0.072480 2.279319 0.003062 0.072461 0.997367 -0.022232 0.000000 0.000000 0.000000 1.000000
0.999978 -0.006597 -0.001003 0.036090 0.006507 0.997349 -0.072471 2.273237 0.001478 0.072463 0.997370 -0.004226 0.000000 0.000000 0.000000 1.000000
0.999978 -0.006595 0.000855 0.044112 0.006639 0.997349 -0.072461 2.266681 -0.000375 0.072466 0.997371 0.015268 0.000000 0.000000 0.000000 1.000000
0.999974 -0.006593 0.002994 0.052273 0.006793 0.997349 -0.072450 2.259762 -0.002509 0.072468 0.997368 0.035945 0.000000 0.000000 0.000000 1.000000
0.999964 -0.006591 0.005424 0.060432 0.006967 0.997349 -0.072436 2.252554 -0.004932 0.072471 0.997358 0.057602 0.000000 0.000000 0.000000 1.000000
0.999945 -0.006590 0.008155 0.068379 0.007163 0.997349 -0.072419 2.245167 -0.007656 0.072474 0.997341 0.079934 0.000000 0.000000 0.000000 1.000000
0.999916 -0.006589 0.011200 0.075903 0.007383 0.997348 -0.072400 2.237713 -0.010694 0.072477 0.997313 0.102636 0.000000 0.000000 0.000000 1.000000
0.999872 -0.006588 0.014568 0.082864 0.007626 0.997348 -0.072378 2.230266 -0.014052 0.072480 0.997271 0.125505 0.000000 0.000000 0.000000 1.000000
0.999811 -0.006587 0.018269 0.088967 0.007893 0.997348 -0.072352 2.222976 -0.017744 0.072482 0.997212 0.147875 0.000000 0.000000 0.000000 1.000000
0.999729 -0.006588 0.022316 0.094472 0.008186 0.997348 -0.072321 2.215775 -0.021780 0.072484 0.997132 0.171418 0.000000 0.000000 0.000000 1.000000
0.999621 -0.006588 0.026717 0.099496 0.008505 0.997348 -0.072285 2.208496 -0.026170 0.072485 0.997026 0.197027 0.000000 0.000000 0.000000 1.000000
0.999483 -0.006589 0.031483 0.104309 0.008851 0.997348 -0.072244 2.200679 -0.030924 0.072485 0.996890 0.226434 0.000000 0.000000 0.000000 1.000000
0.999307 -0.006591 0.036627 0.108624 0.009224 0.997348 -0.072196 2.191904 -0.036054 0.072484 0.996718 0.259057 0.000000 0.000000 0.000000 1.000000
0.999089 -0.006594 0.042156 0.112309 0.009626 0.997348 -0.072141 2.181894 -0.041569 0.072481 0.996503 0.294747 0.000000 0.000000 0.000000 1.000000
0.998822 -0.006597 0.048082 0.115163 0.010057 0.997348 -0.072077 2.170229 -0.047479 0.072476 0.996239 0.333279 0.000000 0.000000 0.000000 1.000000
0.998517 -0.006601 0.054031 0.116933 0.010490 0.997349 -0.072004 2.156721 -0.053413 0.072464 0.995940 0.373822 0.000000 0.000000 0.000000 1.000000
0.998106 -0.006606 0.061166 0.117646 0.011009 0.997350 -0.071919 2.140399 -0.060529 0.072456 0.995533 0.418042 0.000000 0.000000 0.000000 1.000000
0.997245 -0.006616 0.073884 0.117612 0.011936 0.997348 -0.071797 2.117915 -0.073213 0.072482 0.994679 0.472900 0.000000 0.000000 0.000000 1.000000
0.995629 -0.006627 0.093163 0.117329 0.013338 0.997344 -0.071603 2.089780 -0.092441 0.072533 0.993073 0.538305 0.000000 0.000000 0.000000 1.000000
0.992982 -0.006633 0.118083 0.116939 0.015140 0.997340 -0.071294 2.057336 -0.117296 0.072582 0.990441 0.611694 0.000000 0.000000 0.000000 1.000000
0.989493 -0.006632 0.144432 0.116402 0.017030 0.997340 -0.070878 2.024718 -0.143578 0.072593 0.986973 0.684340 0.000000 0.000000 0.000000 1.000000
0.985670 -0.006625 0.168555 0.115723 0.018744 0.997342 -0.070412 1.995673 -0.167640 0.072562 0.983174 0.748406 0.000000 0.000000 0.000000 1.000000
0.982136 -0.006615 0.188057 0.114906 0.020116 0.997346 -0.069974 1.972700 -0.187095 0.072507 0.979662 0.798665 0.000000 0.000000 0.000000 1.000000
0.980029 -0.006608 0.198743 0.113957 0.020862 0.997349 -0.069711 1.960921 -0.197756 0.072465 0.977569 0.824314 0.000000 0.000000 0.000000 1.000000
0.979731 -0.006607 0.200207 0.112880 0.020964 0.997349 -0.069674 1.956807 -0.199216 0.072459 0.977273 0.833239 0.000000 0.000000 0.000000 1.000000
0.981163 -0.006613 0.193070 0.111680 0.020468 0.997347 -0.069854 1.957907 -0.192096 0.072490 0.978695 0.830848 0.000000 0.000000 0.000000 1.000000
0.983549 -0.006623 0.180520 0.110362 0.019592 0.997344 -0.070154 1.957919 -0.179576 0.072537 0.981066 0.830822 0.000000 0.000000 0.000000 1.000000
0.986502 -0.006634 0.163613 0.108932 0.018404 0.997340 -0.070526 1.957945 -0.162710 0.072585 0.984001 0.830764 0.000000 0.000000 0.000000 1.000000
0.989667 -0.006644 0.143228 0.107393 0.016959 0.997338 -0.070922 1.957992 -0.142376 0.072618 0.987145 0.830662 0.000000 0.000000 0.000000 1.000000
0.992665 -0.006649 0.120718 0.105751 0.015351 0.997337 -0.071297 1.958065 -0.119922 0.072627 0.990123 0.830504 0.000000 0.000000 0.000000 1.000000
0.995218 -0.006649 0.097452 0.104012 0.013676 0.997338 -0.071618 1.958171 -0.096716 0.072608 0.992660 0.830274 0.000000 0.000000 0.000000 1.000000
0.997209 -0.006643 0.074359 0.102178 0.012003 0.997342 -0.071873 1.958314 -0.073684 0.072565 0.994638 0.829963 0.000000 0.000000 0.000000 1.000000
0.998581 -0.006631 0.052835 0.100256 0.010436 0.997346 -0.072061 1.958501 -0.052217 0.072510 0.996000 0.829557 0.000000 0.000000 0.000000 1.000000
0.999382 -0.006618 0.034515 0.098252 0.009098 0.997349 -0.072200 1.958738 -0.033946 0.072470 0.996793 0.829042 0.000000 0.000000 0.000000 1.000000
0.999785 -0.006606 0.019637 0.096168 0.008011 0.997350 -0.072315 1.959030 -0.019107 0.072456 0.997189 0.828408 0.000000 0.000000 0.000000 1.000000
0.999951 -0.006598 0.007446 0.094010 0.007120 0.997349 -0.072419 1.959383 -0.006948 0.072469 0.997346 0.827640 0.000000 0.000000 0.000000 1.000000
0.999970 -0.006593 -0.003968 0.091784 0.006288 0.997348 -0.072509 1.959804 0.004436 0.072482 0.997360 0.826725 0.000000 0.000000 0.000000 1.000000
0.999865 -0.006590 -0.015071 0.089494 0.005480 0.997348 -0.072580 1.960298 0.015509 0.072488 0.997249 0.825653 0.000000 0.000000 0.000000 1.000000
0.999652 -0.006589 -0.025534 0.087145 0.004719 0.997347 -0.072636 1.960870 0.025945 0.072490 0.997032 0.824410 0.000000 0.000000 0.000000 1.000000
0.999358 -0.006590 -0.035216 0.084743 0.004015 0.997347 -0.072677 1.961528 0.035602 0.072489 0.996734 0.822981 0.000000 0.000000 0.000000 1.000000
0.999009 -0.006592 -0.044023 0.082291 0.003377 0.997348 -0.072705 1.962275 0.044386 0.072484 0.996381 0.821358 0.000000 0.000000 0.000000 1.000000
0.998635 -0.006594 -0.051816 0.079794 0.002812 0.997348 -0.072724 1.963119 0.052158 0.072479 0.996005 0.819525 0.000000 0.000000 0.000000 1.000000
0.998268 -0.006597 -0.058454 0.077259 0.002332 0.997349 -0.072734 1.964065 0.058779 0.072472 0.995637 0.817468 0.000000 0.000000 0.000000 1.000000
0.997938 -0.006601 -0.063846 0.074689 0.001943 0.997349 -0.072740 1.965119 0.064157 0.072466 0.995305 0.815179 0.000000 0.000000 0.000000 1.000000
0.997674 -0.006604 -0.067852 0.072090 0.001654 0.997349 -0.072742 1.966287 0.068152 0.072461 0.995040 0.812642 0.000000 0.000000 0.000000 1.000000
0.997506 -0.006606 -0.070269 0.069466 0.001480 0.997350 -0.072743 1.967575 0.070563 0.072458 0.994872 0.809843 0.000000 0.000000 0.000000 1.000000
0.997440 -0.006606 -0.071196 0.066822 0.001414 0.997350 -0.072743 1.968988 0.071487 0.072456 0.994806 0.806773 0.000000 0.000000 0.000000 1.000000
0.997447 -0.006607 -0.071107 0.064164 0.001420 0.997350 -0.072743 1.970533 0.071399 0.072457 0.994813 0.803418 0.000000 0.000000 0.000000 1.000000
0.997481 -0.006606 -0.070625 0.061496 0.001455 0.997350 -0.072744 1.972215 0.070919 0.072458 0.994847 0.799763 0.000000 0.000000 0.000000 1.000000
0.997530 -0.006606 -0.069936 0.058823 0.001505 0.997349 -0.072744 1.974040 0.070231 0.072459 0.994896 0.795799 0.000000 0.000000 0.000000 1.000000
0.997595 -0.006606 -0.068999 0.056150 0.001573 0.997349 -0.072745 1.976013 0.069297 0.072461 0.994961 0.791511 0.000000 0.000000 0.000000 1.000000
0.997675 -0.006606 -0.067834 0.053482 0.001658 0.997349 -0.072745 1.978142 0.068135 0.072464 0.995041 0.786886 0.000000 0.000000 0.000000 1.000000
0.997768 -0.006606 -0.066453 0.050824 0.001758 0.997349 -0.072746 1.980431 0.066758 0.072467 0.995134 0.781913 0.000000 0.000000 0.000000 1.000000
0.997872 -0.006606 -0.064874 0.048180 0.001873 0.997349 -0.072746 1.982887 0.065183 0.072470 0.995238 0.776579 0.000000 0.000000 0.000000 1.000000
0.997984 -0.006606 -0.063116 0.045557 0.002001 0.997349 -0.072746 1.985515 0.063429 0.072473 0.995351 0.770869 0.000000 0.000000 0.000000 1.000000
0.998104 -0.006606 -0.061190 0.042957 0.002141 0.997348 -0.072745 1.988320 0.061509 0.072476 0.995472 0.764774 0.000000 0.000000 0.000000 1.000000
0.998229 -0.006606 -0.059116 0.040387 0.002292 0.997348 -0.072744 1.991310 0.059440 0.072479 0.995597 0.758279 0.000000 0.000000 0.000000 1.000000
0.998357 -0.006606 -0.056912 0.037852 0.002452 0.997348 -0.072741 1.994490 0.057242 0.072482 0.995726 0.751371 0.000000 0.000000 0.000000 1.000000
0.998487 -0.006605 -0.054591 0.035356 0.002621 0.997348 -0.072738 1.997865 0.054926 0.072485 0.995856 0.744039 0.000000 0.000000 0.000000 1.000000
0.998616 -0.006605 -0.052170 0.032904 0.002797 0.997347 -0.072734 2.001441 0.052512 0.072488 0.995986 0.736269 0.000000 0.000000 0.000000 1.000000
0.998744 -0.006605 -0.049668 0.030501 0.002979 0.997347 -0.072729 2.004631 0.050017 0.072490 0.996114 0.730150 0.000000 0.000000 0.000000 1.000000
0.998868 -0.006605 -0.047099 0.028152 0.003166 0.997347 -0.072723 2.009223 0.047454 0.072491 0.996239 0.719365 0.000000 0.000000 0.000000 1.000000
0.998988 -0.006605 -0.044479 0.025862 0.003357 0.997347 -0.072716 2.021851 0.044841 0.072493 0.996360 0.680405 0.000000 0.000000 0.000000 1.000000
0.999103 -0.006605 -0.041828 0.023636 0.003549 0.997347 -0.072707 2.044913 0.042197 0.072493 0.996476 0.605190 0.000000 0.000000 0.000000 1.000000
0.999211 -0.006605 -0.039158 0.021479 0.003744 0.997347 -0.072698 2.077657 0.039535 0.072494 0.996585 0.496660 0.000000 0.000000 0.000000 1.000000
0.999312 -0.006605 -0.036488 0.019395 0.003938 0.997347 -0.072687 2.114748 0.036872 0.072493 0.996687 0.374183 0.000000 0.000000 0.000000 1.000000
0.999406 -0.006605 -0.033837 0.017390 0.004131 0.997347 -0.072676 2.151618 0.034227 0.072493 0.996781 0.254406 0.000000 0.000000 0.000000 1.000000
0.999491 -0.006605 -0.031216 0.015468 0.004321 0.997347 -0.072663 2.185220 0.031613 0.072491 0.996868 0.148428 0.000000 0.000000 0.000000 1.000000
0.999568 -0.006605 -0.028644 0.013635 0.004508 0.997347 -0.072650 2.209774 0.029048 0.072490 0.996946 0.077540 0.000000 0.000000 0.000000 1.000000
0.999636 -0.006605 -0.026140 0.011895 0.004691 0.997347 -0.072637 2.227034 0.026551 0.072488 0.997016 0.034112 0.000000 0.000000 0.000000 1.000000
0.999697 -0.006605 -0.023717 0.010253 0.004867 0.997348 -0.072622 2.238623 0.024134 0.072485 0.997077 0.011528 0.000000 0.000000 0.000000 1.000000
0.999749 -0.006605 -0.021392 0.008714 0.005036 0.997348 -0.072608 2.249731 0.021815 0.072482 0.997131 -0.010450 0.000000 0.000000 0.000000 1.000000
0.999794 -0.006605 -0.019185 0.007284 0.005196 0.997348 -0.072594 2.259559 0.019614 0.072479 0.997177 -0.028813 0.000000 0.000000 0.000000 1.000000
0.999832 -0.006606 -0.017108 0.005966 0.005347 0.997348 -0.072580 2.268153 0.017542 0.072476 0.997216 -0.043811 0.000000 0.000000 0.000000 1.000000
0.999863 -0.006606 -0.015179 0.004766 0.005487 0.997349 -0.072566 2.275582 0.015618 0.072473 0.997248 -0.055817 0.000000 0.000000 0.000000 1.000000
0.999888 -0.006606 -0.013417 0.003690 0.005615 0.997349 -0.072553 2.281915 0.013861 0.072470 0.997274 -0.065207 0.000000 0.000000 0.000000 1.000000
0.999908 -0.006606 -0.011835 0.002740 0.005730 0.997349 -0.072541 2.287198 0.012283 0.072467 0.997295 -0.072228 0.000000 0.000000 0.000000 1.000000
0.999924 -0.006606 -0.010450 0.001923 0.005831 0.997349 -0.072530 2.291499 0.010902 0.072464 0.997311 -0.077255 0.000000 0.000000 0.000000 1.000000
0.999935 -0.006606 -0.009283 0.001244 0.005916 0.997349 -0.072521 2.294888 0.009737 0.072461 0.997324 -0.080662 0.000000 0.000000 0.000000 1.000000
0.999943 -0.006606 -0.008344 0.000707 0.005984 0.997349 -0.072513 2.297410 0.008801 0.072459 0.997333 -0.082698 0.000000 0.000000 0.000000 1.000000
0.999949 -0.006606 -0.007653 0.000317 0.006034 0.997350 -0.072508 2.299135 0.008112 0.072458 0.997338 -0.083736 0.000000 0.000000 0.000000 1.000000
0.999952 -0.006606 -0.007253 0.000094 0.006063 0.997350 -0.072504 2.300081 0.007712 0.072457 0.997342 -0.084152 0.000000 0.000000 0.000000 1.000000
0.999953 -0.006606 -0.007081 0.000000 0.006076 0.997350 -0.072503 2.300447 0.007542 0.072456 0.997343 -0.084193 0.000000 0.000000 0.000000 1.000000</float_array><technique_common><accessor source="#Pelvis-Matrix-animation-output-transform-array" count="90" stride="16"><param type="float4x4"/></accessor></technique_common></source><source id="Pelvis-Interpolations"><Name_array id="Pelvis-Interpolations-array" count="90">
 LINEAR LINEAR LINEAR LINEAR LINEAR LINEAR LINEAR LINEAR LINEAR LINEAR LINEAR
LINEAR LINEAR LINEAR LINEAR LINEAR LINEAR LINEAR LINEAR LINEAR LINEAR LINEAR LINEAR
LINEAR LINEAR LINEAR LINEAR LINEAR LINEAR LINEAR LINEAR LINEAR LINEAR LINEAR LINEAR
LINEAR LINEAR LINEAR LINEAR LINEAR LINEAR LINEAR LINEAR LINEAR LINEAR LINEAR LINEAR
LINEAR LINEAR LINEAR LINEAR LINEAR LINEAR LINEAR LINEAR LINEAR LINEAR LINEAR LINEAR
LINEAR LINEAR LINEAR LINEAR LINEAR LINEAR LINEAR LINEAR LINEAR LINEAR LINEAR LINEAR
LINEAR LINEAR LINEAR LINEAR LINEAR LINEAR LINEAR LINEAR LINEAR LINEAR LINEAR LINEAR
LINEAR LINEAR LINEAR LINEAR LINEAR LINEAR LINEAR</Name_array><technique_common><accessor source="#Pelvis-Interpolations-array" count="90"><param type="name"/></accessor></technique_common></source><sampler id="Pelvis-Matrix-animation-transform"><input semantic="INPUT" source="#Pelvis-Matrix-animation-input"/><input semantic="OUTPUT" source="#Pelvis-Matrix-animation-output-transform"/><input semantic="INTERPOLATION" source="#Pelvis-Interpolations"/></sampler><channel source="#Pelvis-Matrix-animation-transform" target="Pelvis/matrix"/></animation></animation>
    <animation id="Spine_01-anim" name="Spine_01"><animation><source id="Spine_01-Matrix-animation-input"><float_array id="Spine_01-Matrix-animation-input-array" count="90">

0.027778 0.055556 0.083333 0.111111 0.138889 0.166667 0.194444 0.222222 0.250000 0.277778 0.305556 0.333333 0.361111 0.388889 0.416667 0.444444
0.472222 0.500000 0.527778 0.555556 0.583333 0.611111 0.638889 0.666667 0.694444 0.722222 0.750000 0.777778 0.805556 0.833333 0.861111 0.888889
0.916667 0.944444 0.972222 1.000000 1.027778 1.055556 1.083333 1.111111 1.138889 1.166667 1.194444 1.222222 1.250000 1.277778 1.305556 1.333333
1.361111 1.388889 1.416667 1.444444 1.472222 1.500000 1.527778 1.555556 1.583333 1.611111 1.638889 1.666667 1.694444 1.722222 1.750000 1.777778
1.805556 1.833333 1.861111 1.888889 1.916667 1.944444 1.972222 2.000000 2.027778 2.055556 2.083333 2.111111 2.138889 2.166667 2.194444 2.222222
2.250000 2.277778 2.305556 2.333333 2.361111 2.388889 2.416667 2.444444 2.472222 2.500000</float_array><technique_common><accessor source="#Spine_01-Matrix-animation-input-array" count="90"><param name="TIME" type="float"/></accessor></technique_common></source><source id="Spine_01-Matrix-animation-output-transform"><float_array id="Spine_01-Matrix-animation-output-transform-array" count="1440">

0.000000 -0.000000 1.000000 -0.000000 0.997390 0.072196 -0.000000 0.211260 -0.072196 0.997390 0.000000 0.059226 0.000000 0.000000 0.000000 1.000000
0.000000 -0.000000 1.000000 0.000000 0.997390 0.072196 -0.000000 0.211260 -0.072196 0.997390 0.000000 0.059226 0.000000 0.000000 0.000000 1.000000
0.000000 -0.000000 1.000000 0.000000 0.997390 0.072196 -0.000000 0.211260 -0.072196 0.997390 0.000000 0.059226 0.000000 0.000000 0.000000 1.000000
0.000000 -0.000000 1.000000 0.000000 0.997390 0.072196 -0.000000 0.211260 -0.072196 0.997390 0.000000 0.059226 0.000000 0.000000 0.000000 1.000000
0.000000 -0.000000 1.000000 0.000000 0.997390 0.072196 -0.000000 0.211260 -0.072196 0.997390 0.000000 0.059226 0.000000 0.000000 0.000000 1.000000
0.000000 -0.000000 1.000000 -0.000000 0.997390 0.072196 -0.000000 0.211260 -0.072196 0.997390 0.000000 0.059226 0.000000 0.000000 0.000000 1.000000
0.000000 -0.000000 1.000000 0.000000 0.997390 0.072196 -0.000000 0.211260 -0.072196 0.997390 0.000000 0.059226 0.000000 0.000000 0.000000 1.000000
0.000000 -0.000000 1.000000 0.000000 0.997390 0.072196 -0.000000 0.211260 -0.072196 0.997390 0.000000 0.059226 0.000000 0.000000 0.000000 1.000000
0.000000 -0.000000 1.000000 0.000000 0.997390 0.072196 -0.000000 0.211260 -0.072196 0.997390 0.000000 0.059226 0.000000 0.000000 0.000000 1.000000
0.000000 -0.000000 1.000000 0.000000 0.997390 0.072196 -0.000000 0.211260 -0.072196 0.997390 0.000000 0.059226 0.000000 0.000000 0.000000 1.000000
0.000000 -0.000000 1.000000 0.000000 0.997390 0.072196 -0.000000 0.211260 -0.072196 0.997390 0.000000 0.059226 0.000000 0.000000 0.000000 1.000000
0.000000 -0.000000 1.000000 0.000000 0.997390 0.072196 -0.000000 0.211260 -0.072196 0.997390 0.000000 0.059226 0.000000 0.000000 0.000000 1.000000
0.000000 -0.000000 1.000000 -0.000000 0.997390 0.072196 -0.000000 0.211260 -0.072196 0.997390 0.000000 0.059226 0.000000 0.000000 0.000000 1.000000
0.000000 -0.000000 1.000000 0.000000 0.997390 0.072196 -0.000000 0.211260 -0.072196 0.997390 0.000000 0.059226 0.000000 0.000000 0.000000 1.000000
0.000000 -0.000000 1.000000 -0.000000 0.997390 0.072196 -0.000000 0.211260 -0.072196 0.997390 0.000000 0.059226 0.000000 0.000000 0.000000 1.000000
0.000000 -0.000000 1.000000 -0.000000 0.997390 0.072196 -0.000000 0.211260 -0.072196 0.997390 0.000000 0.059226 0.000000 0.000000 0.000000 1.000000
0.000000 -0.000000 1.000000 -0.000000 0.997390 0.072196 -0.000000 0.211260 -0.072196 0.997390 0.000000 0.059226 0.000000 0.000000 0.000000 1.000000
0.000000 -0.000000 1.000000 -0.000000 0.997390 0.072196 -0.000000 0.211260 -0.072196 0.997390 0.000000 0.059226 0.000000 0.000000 0.000000 1.000000
0.000000 -0.000000 1.000000 0.000000 0.997390 0.072196 -0.000000 0.211260 -0.072196 0.997390 0.000000 0.059226 0.000000 0.000000 0.000000 1.000000
0.000000 -0.000000 1.000000 0.000000 0.997390 0.072196 -0.000000 0.211260 -0.072196 0.997390 0.000000 0.059226 0.000000 0.000000 0.000000 1.000000
0.000000 -0.000000 1.000000 -0.000000 0.997390 0.072196 -0.000000 0.211260 -0.072196 0.997390 0.000000 0.059226 0.000000 0.000000 0.000000 1.000000
0.000000 -0.000000 1.000000 0.000000 0.997390 0.072196 -0.000000 0.211260 -0.072196 0.997390 0.000000 0.059226 0.000000 0.000000 0.000000 1.000000
0.000000 -0.000000 1.000000 0.000000 0.997390 0.072196 -0.000000 0.211260 -0.072196 0.997390 0.000000 0.059226 0.000000 0.000000 0.000000 1.000000
0.000000 -0.000000 1.000000 -0.000000 0.997390 0.072196 -0.000000 0.211260 -0.072196 0.997390 0.000000 0.059226 0.000000 0.000000 0.000000 1.000000
0.000000 -0.000000 1.000000 0.000000 0.997390 0.072196 -0.000000 0.211260 -0.072196 0.997390 0.000000 0.059226 0.000000 0.000000 0.000000 1.000000
0.000000 0.000000 1.000000 0.000000 0.997390 0.072196 -0.000000 0.211260 -0.072196 0.997390 0.000000 0.059226 0.000000 0.000000 0.000000 1.000000
0.000000 -0.000000 1.000000 0.000000 0.997390 0.072196 -0.000000 0.211260 -0.072196 0.997390 0.000000 0.059226 0.000000 0.000000 0.000000 1.000000
0.000000 -0.000000 1.000000 0.000000 0.997390 0.072196 -0.000000 0.211260 -0.072196 0.997390 0.000000 0.059226 0.000000 0.000000 0.000000 1.000000
0.000000 -0.000000 1.000000 0.000000 0.997390 0.072196 -0.000000 0.211260 -0.072196 0.997390 0.000000 0.059226 0.000000 0.000000 0.000000 1.000000
0.000000 -0.000000 1.000000 0.000000 0.997390 0.072196 -0.000000 0.211260 -0.072196 0.997390 0.000000 0.059226 0.000000 0.000000 0.000000 1.000000
0.000000 -0.000000 1.000000 -0.000000 0.997390 0.072196 -0.000000 0.211260 -0.072196 0.997390 0.000000 0.059226 0.000000 0.000000 0.000000 1.000000
0.000000 -0.000000 1.000000 0.000000 0.997390 0.072196 -0.000000 0.211260 -0.072196 0.997390 0.000000 0.059226 0.000000 0.000000 0.000000 1.000000
0.000000 -0.000000 1.000000 0.000000 0.997390 0.072196 -0.000000 0.211260 -0.072196 0.997390 0.000000 0.059226 0.000000 0.000000 0.000000 1.000000
0.000000 -0.000000 1.000000 0.000000 0.997390 0.072196 -0.000000 0.211260 -0.072196 0.997390 0.000000 0.059226 0.000000 0.000000 0.000000 1.000000
0.000000 -0.000000 1.000000 0.000000 0.997390 0.072196 -0.000000 0.211260 -0.072196 0.997390 0.000000 0.059226 0.000000 0.000000 0.000000 1.000000
0.000000 0.000000 1.000000 -0.000000 0.997390 0.072196 -0.000000 0.211260 -0.072196 0.997390 0.000000 0.059226 0.000000 0.000000 0.000000 1.000000
0.000000 -0.000000 1.000000 0.000000 0.997390 0.072196 -0.000000 0.211260 -0.072196 0.997390 0.000000 0.059226 0.000000 0.000000 0.000000 1.000000
0.000000 -0.000000 1.000000 0.000000 0.997390 0.072196 -0.000000 0.211260 -0.072196 0.997390 0.000000 0.059226 0.000000 0.000000 0.000000 1.000000
0.000000 -0.000000 1.000000 0.000000 0.997390 0.072196 -0.000000 0.211260 -0.072196 0.997390 0.000000 0.059226 0.000000 0.000000 0.000000 1.000000
0.000000 -0.000000 1.000000 -0.000000 0.997390 0.072196 -0.000000 0.211260 -0.072196 0.997390 0.000000 0.059226 0.000000 0.000000 0.000000 1.000000
0.000000 -0.000000 1.000000 -0.000000 0.997390 0.072196 -0.000000 0.211260 -0.072196 0.997390 0.000000 0.059226 0.000000 0.000000 0.000000 1.000000
0.000000 -0.000000 1.000000 0.000000 0.997390 0.072196 -0.000000 0.211260 -0.072196 0.997390 0.000000 0.059226 0.000000 0.000000 0.000000 1.000000
0.000000 -0.000000 1.000000 0.000000 0.997390 0.072196 -0.000000 0.211260 -0.072196 0.997390 0.000000 0.059226 0.000000 0.000000 0.000000 1.000000
0.000000 -0.000000 1.000000 0.000000 0.997390 0.072196 -0.000000 0.211260 -0.072196 0.997390 0.000000 0.059226 0.000000 0.000000 0.000000 1.000000
0.000000 -0.000000 1.000000 0.000000 0.997390 0.072196 -0.000000 0.211260 -0.072196 0.997390 0.000000 0.059226 0.000000 0.000000 0.000000 1.000000
0.000000 -0.000000 1.000000 0.000000 0.997390 0.072196 -0.000000 0.211260 -0.072196 0.997390 0.000000 0.059226 0.000000 0.000000 0.000000 1.000000
0.000000 -0.000000 1.000000 0.000000 0.997390 0.072196 -0.000000 0.211260 -0.072196 0.997390 0.000000 0.059226 0.000000 0.000000 0.000000 1.000000
0.000000 -0.000000 1.000000 0.000000 0.997390 0.072196 -0.000000 0.211260 -0.072196 0.997390 0.000000 0.059226 0.000000 0.000000 0.000000 1.000000
0.000000 -0.000000 1.000000 0.000000 0.997390 0.072196 -0.000000 0.211260 -0.072196 0.997390 0.000000 0.059226 0.000000 0.000000 0.000000 1.000000
0.000000 -0.000000 1.000000 -0.000000 0.997390 0.072196 -0.000000 0.211260 -0.072196 0.997390 0.000000 0.059226 0.000000 0.000000 0.000000 1.000000
0.000000 -0.000000 1.000000 -0.000000 0.997390 0.072196 -0.000000 0.211260 -0.072196 0.997390 0.000000 0.059226 0.000000 0.000000 0.000000 1.000000
0.000000 -0.000000 1.000000 -0.000000 0.997390 0.072196 -0.000000 0.211260 -0.072196 0.997390 0.000000 0.059226 0.000000 0.000000 0.000000 1.000000
0.000000 -0.000000 1.000000 0.000000 0.997390 0.072196 -0.000000 0.211260 -0.072196 0.997390 0.000000 0.059226 0.000000 0.000000 0.000000 1.000000
0.000000 -0.000000 1.000000 -0.000000 0.997390 0.072196 -0.000000 0.211260 -0.072196 0.997390 0.000000 0.059226 0.000000 0.000000 0.000000 1.000000
0.000000 -0.000000 1.000000 0.000000 0.997390 0.072196 -0.000000 0.211260 -0.072196 0.997390 0.000000 0.059226 0.000000 0.000000 0.000000 1.000000
0.000000 -0.000000 1.000000 0.000000 0.997390 0.072196 -0.000000 0.211260 -0.072196 0.997390 0.000000 0.059226 0.000000 0.000000 0.000000 1.000000
0.000000 -0.000000 1.000000 -0.000000 0.997390 0.072196 -0.000000 0.211260 -0.072196 0.997390 0.000000 0.059226 0.000000 0.000000 0.000000 1.000000
0.000000 -0.000000 1.000000 0.000000 0.997390 0.072196 -0.000000 0.211260 -0.072196 0.997390 0.000000 0.059226 0.000000 0.000000 0.000000 1.000000
0.000000 -0.000000 1.000000 -0.000000 0.997390 0.072196 -0.000000 0.211260 -0.072196 0.997390 0.000000 0.059226 0.000000 0.000000 0.000000 1.000000
0.000000 -0.000000 1.000000 -0.000000 0.997390 0.072196 -0.000000 0.211260 -0.072196 0.997390 0.000000 0.059226 0.000000 0.000000 0.000000 1.000000
0.000000 -0.000000 1.000000 -0.000000 0.997390 0.072196 -0.000000 0.211260 -0.072196 0.997390 0.000000 0.059226 0.000000 0.000000 0.000000 1.000000
0.000000 -0.000000 1.000000 0.000000 0.997390 0.072196 -0.000000 0.211260 -0.072196 0.997390 0.000000 0.059226 0.000000 0.000000 0.000000 1.000000
0.000000 -0.000000 1.000000 0.000000 0.997390 0.072196 -0.000000 0.211260 -0.072196 0.997390 0.000000 0.059226 0.000000 0.000000 0.000000 1.000000
0.000000 -0.000000 1.000000 0.000000 0.997390 0.072196 -0.000000 0.211260 -0.072196 0.997390 0.000000 0.059226 0.000000 0.000000 0.000000 1.000000
0.000000 -0.000000 1.000000 -0.000000 0.997390 0.072196 -0.000000 0.211260 -0.072196 0.997390 0.000000 0.059226 0.000000 0.000000 0.000000 1.000000
0.000000 -0.000000 1.000000 -0.000000 0.997390 0.072196 -0.000000 0.211260 -0.072196 0.997390 0.000000 0.059226 0.000000 0.000000 0.000000 1.000000
0.000000 -0.000000 1.000000 0.000000 0.997390 0.072196 -0.000000 0.211260 -0.072196 0.997390 0.000000 0.059226 0.000000 0.000000 0.000000 1.000000
0.000000 -0.000000 1.000000 0.000000 0.997390 0.072196 -0.000000 0.211260 -0.072196 0.997390 0.000000 0.059226 0.000000 0.000000 0.000000 1.000000
0.000000 -0.000000 1.000000 0.000000 0.997390 0.072196 -0.000000 0.211260 -0.072196 0.997390 0.000000 0.059226 0.000000 0.000000 0.000000 1.000000
0.000000 -0.000000 1.000000 0.000000 0.997390 0.072196 -0.000000 0.211260 -0.072196 0.997390 0.000000 0.059226 0.000000 0.000000 0.000000 1.000000
0.000000 -0.000000 1.000000 0.000000 0.997390 0.072196 -0.000000 0.211260 -0.072196 0.997390 0.000000 0.059226 0.000000 0.000000 0.000000 1.000000
0.000000 -0.000000 1.000000 -0.000000 0.997390 0.072196 -0.000000 0.211260 -0.072196 0.997390 0.000000 0.059226 0.000000 0.000000 0.000000 1.000000
0.000000 -0.000000 1.000000 0.000000 0.997390 0.072196 -0.000000 0.211260 -0.072196 0.997390 0.000000 0.059226 0.000000 0.000000 0.000000 1.000000
0.000000 -0.000000 1.000000 0.000000 0.997390 0.072196 -0.000000 0.211260 -0.072196 0.997390 0.000000 0.059226 0.000000 0.000000 0.000000 1.000000
0.000000 -0.000000 1.000000 -0.000000 0.997390 0.072196 -0.000000 0.211260 -0.072196 0.997390 0.000000 0.059226 0.000000 0.000000 0.000000 1.000000
0.000000 -0.000000 1.000000 0.000000 0.997390 0.072196 -0.000000 0.211260 -0.072196 0.997390 0.000000 0.059226 0.000000 0.000000 0.000000 1.000000
0.000000 -0.000000 1.000000 -0.000000 0.997390 0.072196 -0.000000 0.211260 -0.072196 0.997390 0.000000 0.059226 0.000000 0.000000 0.000000 1.000000
0.000000 -0.000000 1.000000 -0.000000 0.997390 0.072196 -0.000000 0.211260 -0.072196 0.997390 0.000000 0.059226 0.000000 0.000000 0.000000 1.000000
0.000000 -0.000000 1.000000 0.000000 0.997390 0.072196 -0.000000 0.211260 -0.072196 0.997390 0.000000 0.059226 0.000000 0.000000 0.000000 1.000000
0.000000 -0.000000 1.000000 0.000000 0.997390 0.072196 -0.000000 0.211260 -0.072196 0.997390 0.000000 0.059226 0.000000 0.000000 0.000000 1.000000
0.000000 -0.000000 1.000000 -0.000000 0.997390 0.072196 -0.000000 0.211260 -0.072196 0.997390 0.000000 0.059226 0.000000 0.000000 0.000000 1.000000
0.000000 -0.000000 1.000000 -0.000000 0.997390 0.072196 -0.000000 0.211260 -0.072196 0.997390 0.000000 0.059226 0.000000 0.000000 0.000000 1.000000
0.000000 -0.000000 1.000000 -0.000000 0.997390 0.072196 -0.000000 0.211260 -0.072196 0.997390 0.000000 0.059226 0.000000 0.000000 0.000000 1.000000
0.000000 -0.000000 1.000000 -0.000000 0.997390 0.072196 -0.000000 0.211260 -0.072196 0.997390 0.000000 0.059226 0.000000 0.000000 0.000000 1.000000
0.000000 -0.000000 1.000000 -0.000000 0.997390 0.072196 -0.000000 0.211260 -0.072196 0.997390 0.000000 0.059226 0.000000 0.000000 0.000000 1.000000
0.000000 -0.000000 1.000000 0.000000 0.997390 0.072196 -0.000000 0.211260 -0.072196 0.997390 0.000000 0.059226 0.000000 0.000000 0.000000 1.000000
0.000000 -0.000000 1.000000 0.000000 0.997390 0.072196 -0.000000 0.211260 -0.072196 0.997390 0.000000 0.059226 0.000000 0.000000 0.000000 1.000000
0.000000 -0.000000 1.000000 -0.000000 0.997390 0.072196 -0.000000 0.211260 -0.072196 0.997390 0.000000 0.059226 0.000000 0.000000 0.000000 1.000000
0.000000 -0.000000 1.000000 -0.000000 0.997390 0.072196 -0.000000 0.211260 -0.072196 0.997390 0.000000 0.059226 0.000000 0.000000 0.000000 1.000000
0.000000 -0.000000 1.000000 -0.000000 0.997390 0.072196 -0.000000 0.211260 -0.072196 0.997390 0.000000 0.059226 0.000000 0.000000 0.000000 1.000000</float_array><technique_common><accessor source="#Spine_01-Matrix-animation-output-transform-array" count="90" stride="16"><param type="float4x4"/></accessor></technique_common></source><source id="Spine_01-Interpolations"><Name_array id="Spine_01-Interpolations-array" count="90">
 LINEAR LINEAR LINEAR LINEAR LINEAR LINEAR LINEAR LINEAR LINEAR LINEAR LINEAR
LINEAR LINEAR LINEAR LINEAR LINEAR LINEAR LINEAR LINEAR LINEAR LINEAR LINEAR LINEAR
LINEAR LINEAR LINEAR LINEAR LINEAR LINEAR LINEAR LINEAR LINEAR LINEAR LINEAR LINEAR
LINEAR LINEAR LINEAR LINEAR LINEAR LINEAR LINEAR LINEAR LINEAR LINEAR LINEAR LINEAR
LINEAR LINEAR LINEAR LINEAR LINEAR LINEAR LINEAR LINEAR LINEAR LINEAR LINEAR LINEAR
LINEAR LINEAR LINEAR LINEAR LINEAR LINEAR LINEAR LINEAR LINEAR LINEAR LINEAR LINEAR
LINEAR LINEAR LINEAR LINEAR LINEAR LINEAR LINEAR LINEAR LINEAR LINEAR LINEAR LINEAR
LINEAR LINEAR LINEAR LINEAR LINEAR LINEAR LINEAR</Name_array><technique_common><accessor source="#Spine_01-Interpolations-array" count="90"><param type="name"/></accessor></technique_common></source><sampler id="Spine_01-Matrix-animation-transform"><input semantic="INPUT" source="#Spine_01-Matrix-animation-input"/><input semantic="OUTPUT" source="#Spine_01-Matrix-animation-output-transform"/><input semantic="INTERPOLATION" source="#Spine_01-Interpolations"/></sampler><channel source="#Spine_01-Matrix-animation-transform" target="Spine_01/matrix"/></animation></animation>
    <animation id="Spine_02-anim" name="Spine_02"><animation><source id="Spine_02-Matrix-animation-input"><float_array id="Spine_02-Matrix-animation-input-array" count="90">

0.027778 0.055556 0.083333 0.111111 0.138889 0.166667 0.194444 0.222222 0.250000 0.277778 0.305556 0.333333 0.361111 0.388889 0.416667 0.444444
0.472222 0.500000 0.527778 0.555556 0.583333 0.611111 0.638889 0.666667 0.694444 0.722222 0.750000 0.777778 0.805556 0.833333 0.861111 0.888889
0.916667 0.944444 0.972222 1.000000 1.027778 1.055556 1.083333 1.111111 1.138889 1.166667 1.194444 1.222222 1.250000 1.277778 1.305556 1.333333
1.361111 1.388889 1.416667 1.444444 1.472222 1.500000 1.527778 1.555556 1.583333 1.611111 1.638889 1.666667 1.694444 1.722222 1.750000 1.777778
1.805556 1.833333 1.861111 1.888889 1.916667 1.944444 1.972222 2.000000 2.027778 2.055556 2.083333 2.111111 2.138889 2.166667 2.194444 2.222222
2.250000 2.277778 2.305556 2.333333 2.361111 2.388889 2.416667 2.444444 2.472222 2.500000</float_array><technique_common><accessor source="#Spine_02-Matrix-animation-input-array" count="90"><param name="TIME" type="float"/></accessor></technique_common></source><source id="Spine_02-Matrix-animation-output-transform"><float_array id="Spine_02-Matrix-animation-output-transform-array" count="1440">

0.976719 0.214524 0.000000 0.204170 -0.214524 0.976719 0.000000 -0.000000 -0.000000 -0.000000 1.000000 -0.000000 0.000000 0.000000 0.000000 1.000000
0.976719 0.214524 0.000000 0.204170 -0.214524 0.976719 0.000000 -0.000000 -0.000000 -0.000000 1.000000 -0.000000 0.000000 0.000000 0.000000 1.000000
0.976719 0.214524 0.000000 0.204170 -0.214524 0.976719 0.000000 -0.000000 -0.000000 -0.000000 1.000000 -0.000000 0.000000 0.000000 0.000000 1.000000
0.976719 0.214524 0.000000 0.204170 -0.214524 0.976719 0.000000 -0.000000 -0.000000 -0.000000 1.000000 -0.000000 0.000000 0.000000 0.000000 1.000000
0.976719 0.214524 0.000000 0.204170 -0.214524 0.976719 0.000000 -0.000000 -0.000000 -0.000000 1.000000 -0.000000 0.000000 0.000000 0.000000 1.000000
0.976719 0.214524 0.000000 0.204170 -0.214524 0.976719 0.000000 -0.000000 -0.000000 -0.000000 1.000000 -0.000000 0.000000 0.000000 0.000000 1.000000
0.976719 0.214524 0.000000 0.204170 -0.214524 0.976719 0.000000 -0.000000 -0.000000 -0.000000 1.000000 -0.000000 0.000000 0.000000 0.000000 1.000000
0.976719 0.214524 0.000000 0.204170 -0.214524 0.976719 0.000000 -0.000000 -0.000000 -0.000000 1.000000 -0.000000 0.000000 0.000000 0.000000 1.000000
0.976719 0.214524 0.000000 0.204170 -0.214524 0.976719 0.000000 -0.000000 -0.000000 -0.000000 1.000000 -0.000000 0.000000 0.000000 0.000000 1.000000
0.976719 0.214524 0.000000 0.204170 -0.214524 0.976719 0.000000 -0.000000 -0.000000 -0.000000 1.000000 -0.000000 0.000000 0.000000 0.000000 1.000000
0.976719 0.214524 0.000000 0.204170 -0.214524 0.976719 0.000000 -0.000000 -0.000000 -0.000000 1.000000 -0.000000 0.000000 0.000000 0.000000 1.000000
0.976719 0.214524 0.000000 0.204170 -0.214524 0.976719 0.000000 -0.000000 -0.000000 -0.000000 1.000000 -0.000000 0.000000 0.000000 0.000000 1.000000
0.976719 0.214524 0.000000 0.204170 -0.214524 0.976719 0.000000 -0.000000 -0.000000 -0.000000 1.000000 -0.000000 0.000000 0.000000 0.000000 1.000000
0.976719 0.214524 0.000000 0.204170 -0.214524 0.976719 0.000000 -0.000000 -0.000000 -0.000000 1.000000 -0.000000 0.000000 0.000000 0.000000 1.000000
0.976719 0.214524 0.000000 0.204170 -0.214524 0.976719 0.000000 -0.000000 -0.000000 -0.000000 1.000000 -0.000000 0.000000 0.000000 0.000000 1.000000
0.976719 0.214524 0.000000 0.204170 -0.214524 0.976719 0.000000 -0.000000 -0.000000 -0.000000 1.000000 -0.000000 0.000000 0.000000 0.000000 1.000000
0.976719 0.214524 0.000000 0.204170 -0.214524 0.976719 0.000000 -0.000000 -0.000000 -0.000000 1.000000 -0.000000 0.000000 0.000000 0.000000 1.000000
0.976719 0.214524 0.000000 0.204170 -0.214524 0.976719 0.000000 0.000000 -0.000000 -0.000000 1.000000 -0.000000 0.000000 0.000000 0.000000 1.000000
0.976719 0.214524 0.000000 0.204170 -0.214524 0.976719 0.000000 0.000000 -0.000000 -0.000000 1.000000 -0.000000 0.000000 0.000000 0.000000 1.000000
0.976719 0.214524 0.000000 0.204170 -0.214524 0.976719 0.000000 -0.000000 -0.000000 -0.000000 1.000000 -0.000000 0.000000 0.000000 0.000000 1.000000
0.976719 0.214524 0.000000 0.204170 -0.214524 0.976719 0.000000 -0.000000 -0.000000 -0.000000 1.000000 -0.000000 0.000000 0.000000 0.000000 1.000000
0.976719 0.214524 0.000000 0.204170 -0.214524 0.976719 0.000000 -0.000000 -0.000000 -0.000000 1.000000 -0.000000 0.000000 0.000000 0.000000 1.000000
0.976719 0.214524 0.000000 0.204170 -0.214524 0.976719 0.000000 0.000000 -0.000000 -0.000000 1.000000 -0.000000 0.000000 0.000000 0.000000 1.000000
0.976719 0.214524 -0.000000 0.204170 -0.214524 0.976719 0.000000 0.000000 0.000000 -0.000000 1.000000 -0.000000 0.000000 0.000000 0.000000 1.000000
0.976719 0.214524 0.000000 0.204170 -0.214524 0.976719 0.000000 0.000000 -0.000000 -0.000000 1.000000 -0.000000 0.000000 0.000000 0.000000 1.000000
0.976719 0.214524 0.000000 0.204170 -0.214524 0.976719 0.000000 0.000000 -0.000000 -0.000000 1.000000 -0.000000 0.000000 0.000000 0.000000 1.000000
0.976719 0.214524 0.000000 0.204170 -0.214524 0.976719 0.000000 0.000000 -0.000000 -0.000000 1.000000 -0.000000 0.000000 0.000000 0.000000 1.000000
0.976719 0.214524 -0.000000 0.204170 -0.214524 0.976719 0.000000 0.000000 0.000000 -0.000000 1.000000 -0.000000 0.000000 0.000000 0.000000 1.000000
0.976719 0.214524 -0.000000 0.204170 -0.214524 0.976719 0.000000 0.000000 0.000000 -0.000000 1.000000 -0.000000 0.000000 0.000000 0.000000 1.000000
0.976719 0.214524 0.000000 0.204170 -0.214524 0.976719 0.000000 0.000000 -0.000000 -0.000000 1.000000 -0.000000 0.000000 0.000000 0.000000 1.000000
0.976719 0.214524 0.000000 0.204170 -0.214524 0.976719 0.000000 0.000000 -0.000000 -0.000000 1.000000 0.000000 0.000000 0.000000 0.000000 1.000000
0.976719 0.214524 0.000000 0.204170 -0.214524 0.976719 0.000000 0.000000 -0.000000 -0.000000 1.000000 0.000000 0.000000 0.000000 0.000000 1.000000
0.976719 0.214524 0.000000 0.204170 -0.214524 0.976719 0.000000 0.000000 -0.000000 -0.000000 1.000000 -0.000000 0.000000 0.000000 0.000000 1.000000
0.976719 0.214524 0.000000 0.204170 -0.214524 0.976719 0.000000 -0.000000 -0.000000 -0.000000 1.000000 -0.000000 0.000000 0.000000 0.000000 1.000000
0.976719 0.214524 0.000000 0.204170 -0.214524 0.976719 0.000000 0.000000 -0.000000 -0.000000 1.000000 -0.000000 0.000000 0.000000 0.000000 1.000000
0.976719 0.214524 0.000000 0.204170 -0.214524 0.976719 0.000000 -0.000000 -0.000000 -0.000000 1.000000 -0.000000 0.000000 0.000000 0.000000 1.000000
0.976719 0.214524 0.000000 0.204170 -0.214524 0.976719 0.000000 0.000000 -0.000000 -0.000000 1.000000 -0.000000 0.000000 0.000000 0.000000 1.000000
0.976719 0.214524 0.000000 0.204170 -0.214524 0.976719 0.000000 0.000000 -0.000000 -0.000000 1.000000 -0.000000 0.000000 0.000000 0.000000 1.000000
0.976719 0.214524 0.000000 0.204170 -0.214524 0.976719 0.000000 0.000000 -0.000000 -0.000000 1.000000 -0.000000 0.000000 0.000000 0.000000 1.000000
0.976719 0.214524 0.000000 0.204170 -0.214524 0.976719 0.000000 -0.000000 -0.000000 -0.000000 1.000000 -0.000000 0.000000 0.000000 0.000000 1.000000
0.976719 0.214524 0.000000 0.204170 -0.214524 0.976719 0.000000 -0.000000 -0.000000 -0.000000 1.000000 -0.000000 0.000000 0.000000 0.000000 1.000000
0.976719 0.214524 0.000000 0.204170 -0.214524 0.976719 0.000000 0.000000 -0.000000 -0.000000 1.000000 -0.000000 0.000000 0.000000 0.000000 1.000000
