<?xml version="1.0" encoding="utf-8"?>
<COLLADA xmlns="http://www.collada.org/2005/11/COLLADASchema" version="1.4.1">
  <asset><contributor><author></author><authoring_tool>FBX COLLADA exporter</authoring_tool><comments></comments></contributor><created>2013-09-05T08:57:48Z</created><keywords></keywords><modified>2013-09-05T08:57:48Z</modified><revision></revision><subject></subject><title></title><unit meter="0.010000" name="centimeter"></unit><up_axis>Y_UP</up_axis></asset>
  <library_animations>
    <animation id="Pelvis-anim" name="Pelvis"><animation><source id="Pelvis-Matrix-animation-input"><float_array id="Pelvis-Matrix-animation-input-array" count="8">

0.000000 0.083333 0.166667 0.250000 0.333333 0.416667 0.500000 0.583333</float_array><technique_common><accessor source="#Pelvis-Matrix-animation-input-array" count="8"><param name="TIME" type="float"/></accessor></technique_common></source><source id="Pelvis-Matrix-animation-output-transform"><float_array id="Pelvis-Matrix-animation-output-transform-array" count="128">

1.000000 0.000000 0.000000 0.000000 0.000000 0.866025 -0.500000 2.157988 0.000000 0.500000 0.866025 0.415807 0.000000 0.000000 0.000000 1.000000
1.000000 0.000000 0.000000 0.000000 0.000000 0.866025 -0.500000 2.147722 0.000000 0.500000 0.866025 0.915807 0.000000 0.000000 0.000000 1.000000
1.000000 0.000000 0.000000 0.000000 0.000000 0.866025 -0.500000 2.094021 0.000000 0.500000 0.866025 1.915807 0.000000 0.000000 0.000000 1.000000
1.000000 0.000000 0.000000 0.000000 0.000000 0.866025 -0.500000 2.059273 0.000000 0.500000 0.866025 2.915807 0.000000 0.000000 0.000000 1.000000
1.000000 0.000000 0.000000 0.000000 0.000000 0.866025 -0.500000 2.157988 0.000000 0.500000 0.866025 3.915807 0.000000 0.000000 0.000000 1.000000
1.000000 0.000000 0.000000 0.000000 0.000000 0.866025 -0.500000 2.123240 0.000000 0.500000 0.866025 4.915807 0.000000 0.000000 0.000000 1.000000
1.000000 0.000000 0.000000 0.000000 0.000000 0.866025 -0.500000 2.069540 0.000000 0.500000 0.866025 5.915807 0.000000 0.000000 0.000000 1.000000
1.000000 0.000000 0.000000 0.000000 0.000000 0.866025 -0.500000 2.108631 0.000000 0.500000 0.866025 6.915807 0.000000 0.000000 0.000000 1.000000</float_array><technique_common><accessor source="#Pelvis-Matrix-animation-output-transform-array" count="8" stride="16"><param type="float4x4"/></accessor></technique_common></source><source id="Pelvis-Interpolations"><Name_array id="Pelvis-Interpolations-array" count="8">
 LINEAR LINEAR LINEAR LINEAR LINEAR LINEAR LINEAR LINEAR</Name_array><technique_common><accessor source="#Pelvis-Interpolations-array" count="8"><param type="name"/></accessor></technique_common></source><sampler id="Pelvis-Matrix-animation-transform"><input semantic="INPUT" source="#Pelvis-Matrix-animation-input"/><input semantic="OUTPUT" source="#Pelvis-Matrix-animation-output-transform"/><input semantic="INTERPOLATION" source="#Pelvis-Interpolations"/></sampler><channel source="#Pelvis-Matrix-animation-transform" target="Pelvis/matrix"/></animation></animation>
    <animation id="Spine_01-anim" name="Spine_01"><animation><source id="Spine_01-Matrix-animation-input"><float_array id="Spine_01-Matrix-animation-input-array" count="8">

0.000000 0.083333 0.166667 0.250000 0.333333 0.416667 0.500000 0.583333</float_array><technique_common><accessor source="#Spine_01-Matrix-animation-input-array" count="8"><param name="TIME" type="float"/></accessor></technique_common></source><source id="Spine_01-Matrix-animation-output-transform"><float_array id="Spine_01-Matrix-animation-output-transform-array" count="128">

0.000000 -0.000000 1.000000 -0.007551 0.997390 0.072196 -0.000000 0.164338 -0.072196 0.997390 0.000000 -0.022046 0.000000 0.000000 0.000000 1.000000
0.000000 -0.000000 1.000000 -0.007551 0.997390 0.072196 -0.000000 0.164338 -0.072196 0.997390 0.000000 -0.022046 0.000000 0.000000 0.000000 1.000000
0.000000 -0.000000 1.000000 -0.007551 0.997390 0.072196 -0.000000 0.164338 -0.072196 0.997390 0.000000 -0.022046 0.000000 0.000000 0.000000 1.000000
0.000000 -0.000000 1.000000 -0.007551 0.997390 0.072196 -0.000000 0.164338 -0.072196 0.997390 0.000000 -0.022046 0.000000 0.000000 0.000000 1.000000
0.000000 -0.000000 1.000000 -0.007551 0.997390 0.072196 -0.000000 0.164338 -0.072196 0.997390 0.000000 -0.022046 0.000000 0.000000 0.000000 1.000000
0.000000 -0.000000 1.000000 -0.007551 0.997390 0.072196 -0.000000 0.164338 -0.072196 0.997390 0.000000 -0.022046 0.000000 0.000000 0.000000 1.000000
0.000000 -0.000000 1.000000 -0.007551 0.997390 0.072196 -0.000000 0.164338 -0.072196 0.997390 0.000000 -0.022046 0.000000 0.000000 0.000000 1.000000
0.000000 -0.000000 1.000000 -0.007551 0.997390 0.072196 -0.000000 0.164338 -0.072196 0.997390 0.000000 -0.022046 0.000000 0.000000 0.000000 1.000000</float_array><technique_common><accessor source="#Spine_01-Matrix-animation-output-transform-array" count="8" stride="16"><param type="float4x4"/></accessor></technique_common></source><source id="Spine_01-Interpolations"><Name_array id="Spine_01-Interpolations-array" count="8">
 LINEAR LINEAR LINEAR LINEAR LINEAR LINEAR LINEAR LINEAR</Name_array><technique_common><accessor source="#Spine_01-Interpolations-array" count="8"><param type="name"/></accessor></technique_common></source><sampler id="Spine_01-Matrix-animation-transform"><input semantic="INPUT" source="#Spine_01-Matrix-animation-input"/><input semantic="OUTPUT" source="#Spine_01-Matrix-animation-output-transform"/><input semantic="INTERPOLATION" source="#Spine_01-Interpolations"/></sampler><channel source="#Spine_01-Matrix-animation-transform" target="Spine_01/matrix"/></animation></animation>
    <animation id="Spine_02-anim" name="Spine_02"><animation><source id="Spine_02-Matrix-animation-input"><float_array id="Spine_02-Matrix-animation-input-array" count="8">

0.000000 0.083333 0.166667 0.250000 0.333333 0.416667 0.500000 0.583333</float_array><technique_common><accessor source="#Spine_02-Matrix-animation-input-array" count="8"><param name="TIME" type="float"/></accessor></technique_common></source><source id="Spine_02-Matrix-animation-output-transform"><float_array id="Spine_02-Matrix-animation-output-transform-array" count="128">

0.983156 0.182658 0.006292 0.204170 -0.181432 0.979554 -0.086928 0.000000 -0.022042 0.084323 0.996195 -0.000000 0.000000 0.000000 0.000000 1.000000
0.983171 0.182602 0.005597 0.204170 -0.181633 0.980322 -0.077318 0.000000 -0.019605 0.075001 0.996991 -0.000000 0.000000 0.000000 0.000000 1.000000
0.983223 0.182404 0.001341 0.204170 -0.182348 0.983059 -0.018523 0.000000 -0.004697 0.017968 0.999828 -0.000000 0.000000 0.000000 0.000000 1.000000
0.983201 0.182489 -0.003800 0.204170 -0.182042 0.981888 0.052503 -0.000000 0.013313 -0.050930 0.998614 -0.000000 0.000000 0.000000 0.000000 1.000000
0.983156 0.182658 -0.006292 0.204170 -0.181432 0.979554 0.086928 0.000000 0.022042 -0.084323 0.996195 -0.000000 0.000000 0.000000 0.000000 1.000000
0.983201 0.182489 -0.003800 0.204170 -0.182042 0.981888 0.052503 0.000000 0.013313 -0.050930 0.998614 -0.000000 0.000000 0.000000 0.000000 1.000000
0.983223 0.182404 0.001341 0.204170 -0.182348 0.983059 -0.018523 -0.000000 -0.004697 0.017968 0.999828 -0.000000 0.000000 0.000000 0.000000 1.000000
0.983171 0.182602 0.005597 0.204170 -0.181633 0.980322 -0.077318 -0.000000 -0.019605 0.075001 0.996991 -0.000000 0.000000 0.000000 0.000000 1.000000</float_array><technique_common><accessor source="#Spine_02-Matrix-animation-output-transform-array" count="8" stride="16"><param type="float4x4"/></accessor></technique_common></source><source id="Spine_02-Interpolations"><Name_array id="Spine_02-Interpolations-array" count="8">
 LINEAR LINEAR LINEAR LINEAR LINEAR LINEAR LINEAR LINEAR</Name_array><technique_common><accessor source="#Spine_02-Interpolations-array" count="8"><param type="name"/></accessor></technique_common></source><sampler id="Spine_02-Matrix-animation-transform"><input semantic="INPUT" source="#Spine_02-Matrix-animation-input"/><input semantic="OUTPUT" source="#Spine_02-Matrix-animation-output-transform"/><input semantic="INTERPOLATION" source="#Spine_02-Interpolations"/></sampler><channel source="#Spine_02-Matrix-animation-transform" target="Spine_02/matrix"/></animation></animation>
    <animation id="Spine_03-anim" name="Spine_03"><animation><source id="Spine_03-Matrix-animation-input"><float_array id="Spine_03-Matrix-animation-input-array" count="8">

0.000000 0.083333 0.166667 0.250000 0.333333 0.416667 0.500000 0.583333</float_array><technique_common><accessor source="#Spine_03-Matrix-animation-input-array" count="8"><param name="TIME" type="float"/></accessor></technique_common></source><source id="Spine_03-Matrix-animation-output-transform"><float_array id="Spine_03-Matrix-animation-output-transform-array" count="128">

0.967990 0.250963 0.003659 0.299514 0.250390 -0.966581 0.055013 -0.000000 0.017342 -0.052336 -0.998479 -0.000000 0.000000 0.000000 0.000000 1.000000
0.967964 0.251035 0.005124 0.299514 0.250487 -0.966858 0.049408 -0.000000 0.017357 -0.046542 -0.998766 -0.000000 0.000000 0.000000 0.000000 1.000000
0.967809 0.251294 0.014075 0.299514 0.251083 -0.967847 0.015165 -0.000000 0.017433 -0.011143 -0.999786 -0.000000 0.000000 0.000000 0.000000 1.000000
0.967620 0.251183 0.024881 0.299514 0.251805 -0.967424 -0.026176 0.000000 0.017496 0.031594 -0.999348 -0.000000 0.000000 0.000000 0.000000 1.000000
0.967528 0.250963 0.030126 0.299514 0.252157 -0.966581 -0.046241 0.000000 0.017515 0.052336 -0.998476 0.000000 0.000000 0.000000 0.000000 1.000000
0.967620 0.251183 0.024881 0.299514 0.251805 -0.967424 -0.026176 0.000000 0.017496 0.031594 -0.999348 -0.000000 0.000000 0.000000 0.000000 1.000000
0.967809 0.251294 0.014075 0.299514 0.251083 -0.967847 0.015165 -0.000000 0.017433 -0.011143 -0.999786 -0.000000 0.000000 0.000000 0.000000 1.000000
0.967964 0.251035 0.005124 0.299514 0.250487 -0.966858 0.049408 -0.000000 0.017357 -0.046542 -0.998766 -0.000000 0.000000 0.000000 0.000000 1.000000</float_array><technique_common><accessor source="#Spine_03-Matrix-animation-output-transform-array" count="8" stride="16"><param type="float4x4"/></accessor></technique_common></source><source id="Spine_03-Interpolations"><Name_array id="Spine_03-Interpolations-array" count="8">
 LINEAR LINEAR LINEAR LINEAR LINEAR LINEAR LINEAR LINEAR</Name_array><technique_common><accessor source="#Spine_03-Interpolations-array" count="8"><param type="name"/></accessor></technique_common></source><sampler id="Spine_03-Matrix-animation-transform"><input semantic="INPUT" source="#Spine_03-Matrix-animation-input"/><input semantic="OUTPUT" source="#Spine_03-Matrix-animation-output-transform"/><input semantic="INTERPOLATION" source="#Spine_03-Interpolations"/></sampler><channel source="#Spine_03-Matrix-animation-transform" target="Spine_03/matrix"/></animation></animation>
    <animation id="Head-anim" name="Head"><animation><source id="Head-Matrix-animation-input"><float_array id="Head-Matrix-animation-input-array" count="8">

0.000000 0.083333 0.166667 0.250000 0.333333 0.416667 0.500000 0.583333</float_array><technique_common><accessor source="#Head-Matrix-animation-input-array" count="8"><param name="TIME" type="float"/></accessor></technique_common></source><source id="Head-Matrix-animation-output-transform"><float_array id="Head-Matrix-animation-output-transform-array" count="128">

0.909915 -0.409304 0.067266 0.133559 0.412410 0.910073 -0.041046 0.000000 -0.044416 0.065089 0.996890 0.000000 0.000000 0.000000 0.000000 1.000000
0.909758 -0.410477 0.062037 0.133559 0.412887 0.910207 -0.032366 0.000000 -0.043181 0.055060 0.997549 0.000000 0.000000 0.000000 0.000000 1.000000
0.908926 -0.415884 0.029909 0.133559 0.415420 0.909396 0.020640 0.000000 -0.035783 -0.006336 0.999340 0.000000 0.000000 0.000000 0.000000 1.000000
0.908225 -0.418384 -0.009077 0.133559 0.417602 0.904694 0.084486 0.000000 -0.027136 -0.080523 0.996383 0.000000 0.000000 0.000000 0.000000 1.000000
0.908012 -0.418010 -0.027974 0.133559 0.418312 0.900946 0.115373 -0.000000 -0.023024 -0.116462 0.992928 0.000000 0.000000 0.000000 0.000000 1.000000
0.908225 -0.418384 -0.009077 0.133559 0.417602 0.904694 0.084486 0.000000 -0.027136 -0.080523 0.996383 0.000000 0.000000 0.000000 0.000000 1.000000
0.908926 -0.415884 0.029909 0.133559 0.415420 0.909396 0.020640 0.000000 -0.035783 -0.006336 0.999340 0.000000 0.000000 0.000000 0.000000 1.000000
0.909758 -0.410477 0.062037 0.133559 0.412887 0.910207 -0.032366 -0.000000 -0.043181 0.055060 0.997549 0.000000 0.000000 0.000000 0.000000 1.000000</float_array><technique_common><accessor source="#Head-Matrix-animation-output-transform-array" count="8" stride="16"><param type="float4x4"/></accessor></technique_common></source><source id="Head-Interpolations"><Name_array id="Head-Interpolations-array" count="8">
 LINEAR LINEAR LINEAR LINEAR LINEAR LINEAR LINEAR LINEAR</Name_array><technique_common><accessor source="#Head-Interpolations-array" count="8"><param type="name"/></accessor></technique_common></source><sampler id="Head-Matrix-animation-transform"><input semantic="INPUT" source="#Head-Matrix-animation-input"/><input semantic="OUTPUT" source="#Head-Matrix-animation-output-transform"/><input semantic="INTERPOLATION" source="#Head-Interpolations"/></sampler><channel source="#Head-Matrix-animation-transform" target="Head/matrix"/></animation></animation>
    <animation id="M_Hair_Jnt_0-anim" name="M_Hair_Jnt_0"><animation><source id="M_Hair_Jnt_0-Matrix-animation-input"><float_array id="M_Hair_Jnt_0-Matrix-animation-input-array" count="8">

0.000000 0.083333 0.166667 0.250000 0.333333 0.416667 0.500000 0.583333</float_array><technique_common><accessor source="#M_Hair_Jnt_0-Matrix-animation-input-array" count="8"><param name="TIME" type="float"/></accessor></technique_common></source><source id="M_Hair_Jnt_0-Matrix-animation-output-transform"><float_array id="M_Hair_Jnt_0-Matrix-animation-output-transform-array" count="128">

-0.472024 0.854341 -0.217475 0.191574 0.881421 0.452589 -0.135127 0.208364 -0.017018 -0.255470 -0.966667 -0.007597 0.000000 0.000000 0.000000 1.000000
-0.430627 0.882738 -0.187975 0.191574 0.901866 0.412886 -0.127131 0.208364 -0.034610 -0.224274 -0.973911 -0.007597 0.000000 0.000000 0.000000 1.000000
-0.266764 0.962885 -0.041111 0.191574 0.960459 0.262079 -0.093986 0.208364 -0.079723 -0.064558 -0.994724 -0.007597 0.000000 0.000000 0.000000 1.000000
-0.122179 0.981764 0.145645 0.191574 0.989804 0.131352 -0.055088 0.208364 -0.073214 0.137429 -0.987802 -0.007597 0.000000 0.000000 0.000000 1.000000
-0.410953 0.870866 0.269649 0.191574 0.904180 0.427148 -0.001529 0.208364 -0.116512 0.243182 -0.962958 -0.007597 0.000000 0.000000 0.000000 1.000000
-0.250924 0.966003 0.062248 0.191574 0.963189 0.255566 -0.083389 0.208364 -0.096462 0.039032 -0.994571 -0.007597 0.000000 0.000000 0.000000 1.000000
-0.208507 0.966638 -0.148779 0.191574 0.971400 0.187014 -0.146312 0.208364 -0.113607 -0.175031 -0.977987 -0.007597 0.000000 0.000000 0.000000 1.000000
-0.347083 0.912480 -0.216597 0.191574 0.935718 0.321430 -0.145311 0.208364 -0.062972 -0.253108 -0.965386 -0.007597 0.000000 0.000000 0.000000 1.000000</float_array><technique_common><accessor source="#M_Hair_Jnt_0-Matrix-animation-output-transform-array" count="8" stride="16"><param type="float4x4"/></accessor></technique_common></source><source id="M_Hair_Jnt_0-Interpolations"><Name_array id="M_Hair_Jnt_0-Interpolations-array" count="8">
 LINEAR LINEAR LINEAR LINEAR LINEAR LINEAR LINEAR LINEAR</Name_array><technique_common><accessor source="#M_Hair_Jnt_0-Interpolations-array" count="8"><param type="name"/></accessor></technique_common></source><sampler id="M_Hair_Jnt_0-Matrix-animation-transform"><input semantic="INPUT" source="#M_Hair_Jnt_0-Matrix-animation-input"/><input semantic="OUTPUT" source="#M_Hair_Jnt_0-Matrix-animation-output-transform"/><input semantic="INTERPOLATION" source="#M_Hair_Jnt_0-Interpolations"/></sampler><channel source="#M_Hair_Jnt_0-Matrix-animation-transform" target="M_Hair_Jnt_0/matrix"/></animation></animation>
    <animation id="M_Hair_Jnt_1-anim" name="M_Hair_Jnt_1"><animation><source id="M_Hair_Jnt_1-Matrix-animation-input"><float_array id="M_Hair_Jnt_1-Matrix-animation-input-array" count="8">

0.000000 0.083333 0.166667 0.250000 0.333333 0.416667 0.500000 0.583333</float_array><technique_common><accessor source="#M_Hair_Jnt_1-Matrix-animation-input-array" count="8"><param name="TIME" type="float"/></accessor></technique_common></source><source id="M_Hair_Jnt_1-Matrix-animation-output-transform"><float_array id="M_Hair_Jnt_1-Matrix-animation-output-transform-array" count="128">

0.983885 0.178757 -0.004106 0.147208 -0.178785 0.983854 -0.008188 -0.000000 0.002576 0.008790 0.999958 -0.004321 0.000000 0.000000 0.000000 1.000000
0.981744 0.190177 -0.003456 0.147208 -0.190197 0.981723 -0.006697 -0.000000 0.002119 0.007232 0.999972 -0.004321 0.000000 0.000000 0.000000 1.000000
0.972997 0.230815 -0.000853 0.147208 -0.230816 0.972996 -0.001497 -0.000000 0.000484 0.001653 0.999999 -0.004321 0.000000 0.000000 0.000000 1.000000
0.967205 0.253996 0.000462 0.147208 -0.253996 0.967205 0.000335 0.000000 -0.000362 -0.000441 1.000000 -0.004321 0.000000 0.000000 0.000000 1.000000
0.979294 0.202427 -0.002719 0.147208 -0.202439 0.979282 -0.005111 0.000000 0.001628 0.005556 0.999983 -0.004321 0.000000 0.000000 0.000000 1.000000
0.970404 0.241486 -0.000094 0.147208 -0.241486 0.970404 -0.000161 0.000000 0.000052 0.000179 1.000000 -0.004321 0.000000 0.000000 0.000000 1.000000
0.969645 0.244515 0.000071 0.147208 -0.244515 0.969645 0.000052 0.000000 -0.000056 -0.000068 1.000000 -0.004321 0.000000 0.000000 0.000000 1.000000
0.977676 0.210106 -0.002236 0.147208 -0.210114 0.977668 -0.004125 0.000000 0.001319 0.004503 0.999989 -0.004321 0.000000 0.000000 0.000000 1.000000</float_array><technique_common><accessor source="#M_Hair_Jnt_1-Matrix-animation-output-transform-array" count="8" stride="16"><param type="float4x4"/></accessor></technique_common></source><source id="M_Hair_Jnt_1-Interpolations"><Name_array id="M_Hair_Jnt_1-Interpolations-array" count="8">
 LINEAR LINEAR LINEAR LINEAR LINEAR LINEAR LINEAR LINEAR</Name_array><technique_common><accessor source="#M_Hair_Jnt_1-Interpolations-array" count="8"><param type="name"/></accessor></technique_common></source><sampler id="M_Hair_Jnt_1-Matrix-animation-transform"><input semantic="INPUT" source="#M_Hair_Jnt_1-Matrix-animation-input"/><input semantic="OUTPUT" source="#M_Hair_Jnt_1-Matrix-animation-output-transform"/><input semantic="INTERPOLATION" source="#M_Hair_Jnt_1-Interpolations"/></sampler><channel source="#M_Hair_Jnt_1-Matrix-animation-transform" target="M_Hair_Jnt_1/matrix"/></animation></animation>
    <animation id="M_Hair_Jnt_2-anim" name="M_Hair_Jnt_2"><animation><source id="M_Hair_Jnt_2-Matrix-animation-input"><float_array id="M_Hair_Jnt_2-Matrix-animation-input-array" count="8">

0.000000 0.083333 0.166667 0.250000 0.333333 0.416667 0.500000 0.583333</float_array><technique_common><accessor source="#M_Hair_Jnt_2-Matrix-animation-input-array" count="8"><param name="TIME" type="float"/></accessor></technique_common></source><source id="M_Hair_Jnt_2-Matrix-animation-output-transform"><float_array id="M_Hair_Jnt_2-Matrix-animation-output-transform-array" count="128">

0.901541 0.432615 0.008239 0.244749 -0.432567 0.901575 -0.006991 -0.000000 -0.010452 0.002739 0.999942 -0.009540 0.000000 0.000000 0.000000 1.000000
0.888592 0.458650 0.006608 0.244749 -0.458617 0.888614 -0.005946 0.000000 -0.008599 0.002254 0.999960 -0.009540 0.000000 0.000000 0.000000 1.000000
0.836144 0.548509 0.001361 0.244749 -0.548507 0.836145 -0.001509 0.000000 -0.001966 0.000515 0.999998 -0.009540 0.000000 0.000000 0.000000 1.000000
0.803079 0.595873 0.000852 0.244749 -0.595873 0.803078 0.001016 0.000000 -0.000079 -0.001324 0.999999 -0.009540 0.000000 0.000000 0.000000 1.000000
0.873826 0.486214 0.004931 0.244749 -0.486194 0.873838 -0.004725 0.000000 -0.006606 0.001731 0.999977 -0.009540 0.000000 0.000000 0.000000 1.000000
0.820738 0.571304 0.000143 0.244749 -0.571304 0.820739 -0.000167 0.000000 -0.000213 0.000056 1.000000 -0.009540 0.000000 0.000000 0.000000 1.000000
0.816430 0.577444 0.000128 0.244749 -0.577444 0.816430 0.000160 0.000000 -0.000012 -0.000205 1.000000 -0.009540 0.000000 0.000000 0.000000 1.000000
0.864109 0.503290 0.003920 0.244749 -0.503277 0.864116 -0.003907 0.000000 -0.005354 0.001403 0.999985 -0.009540 0.000000 0.000000 0.000000 1.000000</float_array><technique_common><accessor source="#M_Hair_Jnt_2-Matrix-animation-output-transform-array" count="8" stride="16"><param type="float4x4"/></accessor></technique_common></source><source id="M_Hair_Jnt_2-Interpolations"><Name_array id="M_Hair_Jnt_2-Interpolations-array" count="8">
 LINEAR LINEAR LINEAR LINEAR LINEAR LINEAR LINEAR LINEAR</Name_array><technique_common><accessor source="#M_Hair_Jnt_2-Interpolations-array" count="8"><param type="name"/></accessor></technique_common></source><sampler id="M_Hair_Jnt_2-Matrix-animation-transform"><input semantic="INPUT" source="#M_Hair_Jnt_2-Matrix-animation-input"/><input semantic="OUTPUT" source="#M_Hair_Jnt_2-Matrix-animation-output-transform"/><input semantic="INTERPOLATION" source="#M_Hair_Jnt_2-Interpolations"/></sampler><channel source="#M_Hair_Jnt_2-Matrix-animation-transform" target="M_Hair_Jnt_2/matrix"/></animation></animation>
    <animation id="M_Hair_Jnt_3-anim" name="M_Hair_Jnt_3"><animation><source id="M_Hair_Jnt_3-Matrix-animation-input"><float_array id="M_Hair_Jnt_3-Matrix-animation-input-array" count="8">

0.000000 0.083333 0.166667 0.250000 0.333333 0.416667 0.500000 0.583333</float_array><technique_common><accessor source="#M_Hair_Jnt_3-Matrix-animation-input-array" count="8"><param name="TIME" type="float"/></accessor></technique_common></source><source id="M_Hair_Jnt_3-Matrix-animation-output-transform"><float_array id="M_Hair_Jnt_3-Matrix-animation-output-transform-array" count="128">

0.964802 0.262976 -0.000213 0.217920 -0.262976 0.964802 -0.000780 -0.000000 0.000000 0.000809 1.000000 -0.000000 0.000000 0.000000 0.000000 1.000000
0.960109 0.279627 -0.000186 0.217920 -0.279627 0.960108 -0.000639 -0.000000 0.000000 0.000665 1.000000 -0.000000 0.000000 0.000000 0.000000 1.000000
0.940967 0.338499 -0.000052 0.217920 -0.338499 0.940967 -0.000143 -0.000000 0.000000 0.000152 1.000000 -0.000000 0.000000 0.000000 0.000000 1.000000
0.923931 0.382557 0.001153 0.217920 -0.382559 0.923930 0.001291 0.000000 -0.000572 -0.001634 0.999999 -0.000000 0.000000 0.000000 0.000000 1.000000
0.954741 0.297438 -0.000152 0.217920 -0.297438 0.954741 -0.000488 -0.000000 0.000000 0.000511 1.000000 0.000000 0.000000 0.000000 0.000000 1.000000
0.935303 0.353848 -0.000006 0.217920 -0.353848 0.935303 -0.000015 0.000000 0.000000 0.000016 1.000000 0.000000 0.000000 0.000000 0.000000 1.000000
0.933000 0.359876 0.000173 0.217920 -0.359876 0.933000 0.000204 -0.000000 -0.000088 -0.000253 1.000000 -0.000000 0.000000 0.000000 0.000000 1.000000
0.951200 0.308576 -0.000128 0.217920 -0.308576 0.951200 -0.000394 -0.000000 0.000000 0.000414 1.000000 0.000000 0.000000 0.000000 0.000000 1.000000</float_array><technique_common><accessor source="#M_Hair_Jnt_3-Matrix-animation-output-transform-array" count="8" stride="16"><param type="float4x4"/></accessor></technique_common></source><source id="M_Hair_Jnt_3-Interpolations"><Name_array id="M_Hair_Jnt_3-Interpolations-array" count="8">
 LINEAR LINEAR LINEAR LINEAR LINEAR LINEAR LINEAR LINEAR</Name_array><technique_common><accessor source="#M_Hair_Jnt_3-Interpolations-array" count="8"><param type="name"/></accessor></technique_common></source><sampler id="M_Hair_Jnt_3-Matrix-animation-transform"><input semantic="INPUT" source="#M_Hair_Jnt_3-Matrix-animation-input"/><input semantic="OUTPUT" source="#M_Hair_Jnt_3-Matrix-animation-output-transform"/><input semantic="INTERPOLATION" source="#M_Hair_Jnt_3-Interpolations"/></sampler><channel source="#M_Hair_Jnt_3-Matrix-animation-transform" target="M_Hair_Jnt_3/matrix"/></animation></animation>
    <animation id="M_Har_Jnt_4-anim" name="M_Har_Jnt_4"><animation><source id="M_Har_Jnt_4-Matrix-animation-input"><float_array id="M_Har_Jnt_4-Matrix-animation-input-array" count="8">

0.000000 0.083333 0.166667 0.250000 0.333333 0.416667 0.500000 0.583333</float_array><technique_common><accessor source="#M_Har_Jnt_4-Matrix-animation-input-array" count="8"><param name="TIME" type="float"/></accessor></technique_common></source><source id="M_Har_Jnt_4-Matrix-animation-output-transform"><float_array id="M_Har_Jnt_4-Matrix-animation-output-transform-array" count="128">

0.982070 -0.187924 0.014935 0.170737 -0.187954 -0.982178 0.000599 0.000000 0.014557 -0.003395 -0.999888 0.000000 0.000000 0.000000 0.000000 1.000000
0.979725 -0.199968 0.012292 0.170737 -0.199988 -0.979798 0.000342 0.000000 0.011976 -0.002793 -0.999924 -0.000000 0.000000 0.000000 0.000000 1.000000
0.970075 -0.242788 0.002811 0.170737 -0.242789 -0.970079 -0.000045 0.000000 0.002738 -0.000639 -0.999996 -0.000000 0.000000 0.000000 0.000000 1.000000
0.960294 -0.278988 -0.001424 0.170737 -0.278990 -0.960293 -0.001599 -0.000000 -0.000921 0.001933 -0.999998 0.000000 0.000000 0.000000 0.000000 1.000000
0.977032 -0.212882 0.009446 0.170737 -0.212893 -0.977076 0.000138 0.000000 0.009200 -0.002146 -0.999955 0.000000 0.000000 0.000000 0.000000 1.000000
0.967198 -0.254022 0.000304 0.170737 -0.254022 -0.967198 -0.000008 0.000000 0.000296 -0.000069 -1.000000 0.000000 0.000000 0.000000 0.000000 1.000000
0.965866 -0.259043 -0.000215 0.170737 -0.259043 -0.965866 -0.000252 0.000000 -0.000142 0.000299 -1.000000 0.000000 0.000000 0.000000 0.000000 1.000000
0.975249 -0.220975 0.007656 0.170737 -0.220981 -0.975278 0.000049 0.000000 0.007456 -0.001739 -0.999971 0.000000 0.000000 0.000000 0.000000 1.000000</float_array><technique_common><accessor source="#M_Har_Jnt_4-Matrix-animation-output-transform-array" count="8" stride="16"><param type="float4x4"/></accessor></technique_common></source><source id="M_Har_Jnt_4-Interpolations"><Name_array id="M_Har_Jnt_4-Interpolations-array" count="8">
 LINEAR LINEAR LINEAR LINEAR LINEAR LINEAR LINEAR LINEAR</Name_array><technique_common><accessor source="#M_Har_Jnt_4-Interpolations-array" count="8"><param type="name"/></accessor></technique_common></source><sampler id="M_Har_Jnt_4-Matrix-animation-transform"><input semantic="INPUT" source="#M_Har_Jnt_4-Matrix-animation-input"/><input semantic="OUTPUT" source="#M_Har_Jnt_4-Matrix-animation-output-transform"/><input semantic="INTERPOLATION" source="#M_Har_Jnt_4-Interpolations"/></sampler><channel source="#M_Har_Jnt_4-Matrix-animation-transform" target="M_Har_Jnt_4/matrix"/></animation></animation>
    <animation id="M_Hair_Jnt_5-anim" name="M_Hair_Jnt_5"><animation><source id="M_Hair_Jnt_5-Matrix-animation-input"><float_array id="M_Hair_Jnt_5-Matrix-animation-input-array" count="8">

0.000000 0.083333 0.166667 0.250000 0.333333 0.416667 0.500000 0.583333</float_array><technique_common><accessor source="#M_Hair_Jnt_5-Matrix-animation-input-array" count="8"><param name="TIME" type="float"/></accessor></technique_common></source><source id="M_Hair_Jnt_5-Matrix-animation-output-transform"><float_array id="M_Hair_Jnt_5-Matrix-animation-output-transform-array" count="128">

0.993803 -0.111142 0.001544 0.195168 0.111149 0.993792 -0.004822 -0.000000 -0.000999 0.004963 0.999987 0.010600 0.000000 0.000000 0.000000 1.000000
0.992982 -0.118260 0.001299 0.195168 0.118265 0.992974 -0.003957 -0.000000 -0.000821 0.004083 0.999991 0.010600 0.000000 0.000000 0.000000 1.000000
0.989624 -0.143680 0.000320 0.195168 0.143680 0.989624 -0.000897 -0.000000 -0.000188 0.000933 1.000000 0.010600 0.000000 0.000000 0.000000 1.000000
0.986126 -0.165997 -0.000986 0.195168 0.165999 0.986125 0.001402 0.000000 0.000739 -0.001547 0.999999 0.010600 0.000000 0.000000 0.000000 1.000000
0.992042 -0.125907 0.001021 0.195168 0.125910 0.992037 -0.003032 0.000000 -0.000631 0.003137 0.999995 0.010600 0.000000 0.000000 0.000000 1.000000
0.988628 -0.150381 0.000035 0.195168 0.150381 0.988628 -0.000097 -0.000000 -0.000020 0.000101 1.000000 0.010600 0.000000 0.000000 0.000000 1.000000
0.988151 -0.153484 -0.000150 0.195168 0.153484 0.988151 0.000219 0.000000 0.000114 -0.000239 1.000000 0.010600 0.000000 0.000000 0.000000 1.000000
0.991421 -0.130707 0.000839 0.195168 0.130709 0.991418 -0.002454 0.000000 -0.000511 0.002542 0.999997 0.010600 0.000000 0.000000 0.000000 1.000000</float_array><technique_common><accessor source="#M_Hair_Jnt_5-Matrix-animation-output-transform-array" count="8" stride="16"><param type="float4x4"/></accessor></technique_common></source><source id="M_Hair_Jnt_5-Interpolations"><Name_array id="M_Hair_Jnt_5-Interpolations-array" count="8">
 LINEAR LINEAR LINEAR LINEAR LINEAR LINEAR LINEAR LINEAR</Name_array><technique_common><accessor source="#M_Hair_Jnt_5-Interpolations-array" count="8"><param type="name"/></accessor></technique_common></source><sampler id="M_Hair_Jnt_5-Matrix-animation-transform"><input semantic="INPUT" source="#M_Hair_Jnt_5-Matrix-animation-input"/><input semantic="OUTPUT" source="#M_Hair_Jnt_5-Matrix-animation-output-transform"/><input semantic="INTERPOLATION" source="#M_Hair_Jnt_5-Interpolations"/></sampler><channel source="#M_Hair_Jnt_5-Matrix-animation-transform" target="M_Hair_Jnt_5/matrix"/></animation></animation>
    <animation id="M_Hair_Jnt_6-anim" name="M_Hair_Jnt_6"><animation><source id="M_Hair_Jnt_6-Matrix-animation-input"><float_array id="M_Hair_Jnt_6-Matrix-animation-input-array" count="8">

0.000000 0.083333 0.166667 0.250000 0.333333 0.416667 0.500000 0.583333</float_array><technique_common><accessor source="#M_Hair_Jnt_6-Matrix-animation-input-array" count="8"><param name="TIME" type="float"/></accessor></technique_common></source><source id="M_Hair_Jnt_6-Matrix-animation-output-transform"><float_array id="M_Hair_Jnt_6-Matrix-animation-output-transform-array" count="128">

0.954841 -0.297042 -0.006768 0.200854 -0.297075 -0.954844 -0.004516 -0.000000 -0.005121 0.006322 -0.999967 0.011660 0.000000 0.000000 0.000000 1.000000
0.948874 -0.315605 -0.005639 0.200854 -0.315628 -0.948876 -0.003606 0.000000 -0.004213 0.005201 -0.999978 0.011660 0.000000 0.000000 0.000000 1.000000
0.924577 -0.380993 -0.001343 0.200854 -0.380994 -0.924577 -0.000732 0.000000 -0.000963 0.001189 -0.999999 0.011660 0.000000 0.000000 0.000000 1.000000
0.917618 -0.397463 0.000821 0.200854 -0.397462 -0.917618 -0.000836 0.000000 0.001086 0.000441 -0.999999 0.011660 0.000000 0.000000 0.000000 1.000000
0.942055 -0.335430 -0.004389 0.200854 -0.335443 -0.942057 -0.002679 0.000000 -0.003236 0.003996 -0.999987 0.011660 0.000000 0.000000 0.000000 1.000000
0.917398 -0.397970 -0.000147 0.200854 -0.397970 -0.917398 -0.000077 0.000000 -0.000104 0.000129 -1.000000 0.011660 0.000000 0.000000 0.000000 1.000000
0.916678 -0.399627 0.000127 0.200854 -0.399627 -0.916678 -0.000130 0.000000 0.000168 0.000068 -1.000000 0.011660 0.000000 0.000000 0.000000 1.000000
0.937558 -0.347809 -0.003585 0.200854 -0.347818 -0.937560 -0.002124 0.000000 -0.002623 0.003238 -0.999991 0.011660 0.000000 0.000000 0.000000 1.000000</float_array><technique_common><accessor source="#M_Hair_Jnt_6-Matrix-animation-output-transform-array" count="8" stride="16"><param type="float4x4"/></accessor></technique_common></source><source id="M_Hair_Jnt_6-Interpolations"><Name_array id="M_Hair_Jnt_6-Interpolations-array" count="8">
 LINEAR LINEAR LINEAR LINEAR LINEAR LINEAR LINEAR LINEAR</Name_array><technique_common><accessor source="#M_Hair_Jnt_6-Interpolations-array" count="8"><param type="name"/></accessor></technique_common></source><sampler id="M_Hair_Jnt_6-Matrix-animation-transform"><input semantic="INPUT" source="#M_Hair_Jnt_6-Matrix-animation-input"/><input semantic="OUTPUT" source="#M_Hair_Jnt_6-Matrix-animation-output-transform"/><input semantic="INTERPOLATION" source="#M_Hair_Jnt_6-Interpolations"/></sampler><channel source="#M_Hair_Jnt_6-Matrix-animation-transform" target="M_Hair_Jnt_6/matrix"/></animation></animation>
    <animation id="M_Hair_Jnt_7-anim" name="M_Hair_Jnt_7"><animation><source id="M_Hair_Jnt_7-Matrix-animation-input"><float_array id="M_Hair_Jnt_7-Matrix-animation-input-array" count="8">

0.000000 0.083333 0.166667 0.250000 0.333333 0.416667 0.500000 0.583333</float_array><technique_common><accessor source="#M_Hair_Jnt_7-Matrix-animation-input-array" count="8"><param name="TIME" type="float"/></accessor></technique_common></source><source id="M_Hair_Jnt_7-Matrix-animation-output-transform"><float_array id="M_Hair_Jnt_7-Matrix-animation-output-transform-array" count="128">

0.966432 -0.256906 0.002964 0.246933 0.256882 0.966420 0.006681 0.000000 -0.004581 -0.005695 0.999973 -0.019079 0.000000 0.000000 0.000000 1.000000
0.961979 -0.273113 0.002346 0.246933 0.273098 0.961970 0.005536 0.000000 -0.003768 -0.004685 0.999982 -0.019079 0.000000 0.000000 0.000000 1.000000
0.943818 -0.330465 0.000459 0.246933 0.330464 0.943818 0.001296 0.000000 -0.000861 -0.001071 0.999999 -0.019079 0.000000 0.000000 0.000000 1.000000
0.936543 -0.350553 0.000482 0.246933 0.350553 0.936543 -0.000046 -0.000000 -0.000436 0.000212 1.000000 -0.019079 0.000000 0.000000 0.000000 1.000000
0.956887 -0.290456 0.001725 0.246933 0.290447 0.956882 0.004285 0.000000 -0.002895 -0.003599 0.999989 -0.019079 0.000000 0.000000 0.000000 1.000000
0.938444 -0.345431 0.000047 0.246933 0.345431 0.938444 0.000141 0.000000 -0.000093 -0.000116 1.000000 -0.019079 0.000000 0.000000 0.000000 1.000000
0.937586 -0.347754 0.000075 0.246933 0.347754 0.937586 -0.000007 0.000000 -0.000067 0.000033 1.000000 -0.019079 0.000000 0.000000 0.000000 1.000000
0.953527 -0.301305 0.001358 0.246933 0.301299 0.953523 0.003488 0.000000 -0.002346 -0.002917 0.999993 -0.019079 0.000000 0.000000 0.000000 1.000000</float_array><technique_common><accessor source="#M_Hair_Jnt_7-Matrix-animation-output-transform-array" count="8" stride="16"><param type="float4x4"/></accessor></technique_common></source><source id="M_Hair_Jnt_7-Interpolations"><Name_array id="M_Hair_Jnt_7-Interpolations-array" count="8">
 LINEAR LINEAR LINEAR LINEAR LINEAR LINEAR LINEAR LINEAR</Name_array><technique_common><accessor source="#M_Hair_Jnt_7-Interpolations-array" count="8"><param type="name"/></accessor></technique_common></source><sampler id="M_Hair_Jnt_7-Matrix-animation-transform"><input semantic="INPUT" source="#M_Hair_Jnt_7-Matrix-animation-input"/><input semantic="OUTPUT" source="#M_Hair_Jnt_7-Matrix-animation-output-transform"/><input semantic="INTERPOLATION" source="#M_Hair_Jnt_7-Interpolations"/></sampler><channel source="#M_Hair_Jnt_7-Matrix-animation-transform" target="M_Hair_Jnt_7/matrix"/></animation></animation>
    <animation id="M_Hair_Jnt_8-anim" name="M_Hair_Jnt_8"><animation><source id="M_Hair_Jnt_8-Matrix-animation-input"><float_array id="M_Hair_Jnt_8-Matrix-animation-input-array" count="8">

0.000000 0.083333 0.166667 0.250000 0.333333 0.416667 0.500000 0.583333</float_array><technique_common><accessor source="#M_Hair_Jnt_8-Matrix-animation-input-array" count="8"><param name="TIME" type="float"/></accessor></technique_common></source><source id="M_Hair_Jnt_8-Matrix-animation-output-transform"><float_array id="M_Hair_Jnt_8-Matrix-animation-output-transform-array" count="128">

0.000000 -0.894427 -0.447214 0.423267 -0.000000 0.447214 -0.894427 0.000000 1.000000 0.000000 0.000000 -0.025439 0.000000 0.000000 0.000000 1.000000
0.000000 -0.894427 -0.447214 0.423267 0.000000 0.447214 -0.894427 0.000000 1.000000 -0.000000 0.000000 -0.025439 0.000000 0.000000 0.000000 1.000000
0.000000 -0.894427 -0.447214 0.423267 0.000000 0.447214 -0.894427 -0.000000 1.000000 0.000000 0.000000 -0.025439 0.000000 0.000000 0.000000 1.000000
0.000000 -0.894427 -0.447214 0.423267 0.000000 0.447214 -0.894427 -0.000000 1.000000 0.000000 -0.000000 -0.025439 0.000000 0.000000 0.000000 1.000000
0.000000 -0.894427 -0.447214 0.423267 0.000000 0.447214 -0.894427 -0.000000 1.000000 0.000000 0.000000 -0.025439 0.000000 0.000000 0.000000 1.000000
0.000000 -0.894427 -0.447214 0.423267 0.000000 0.447214 -0.894427 -0.000000 1.000000 -0.000000 -0.000000 -0.025439 0.000000 0.000000 0.000000 1.000000
0.000000 -0.894427 -0.447214 0.423267 0.000000 0.447214 -0.894427 0.000000 1.000000 0.000000 0.000000 -0.025439 0.000000 0.000000 0.000000 1.000000
0.000000 -0.894427 -0.447214 0.423267 0.000000 0.447214 -0.894427 0.000000 1.000000 0.000000 0.000000 -0.025439 0.000000 0.000000 0.000000 1.000000</float_array><technique_common><accessor source="#M_Hair_Jnt_8-Matrix-animation-output-transform-array" count="8" stride="16"><param type="float4x4"/></accessor></technique_common></source><source id="M_Hair_Jnt_8-Interpolations"><Name_array id="M_Hair_Jnt_8-Interpolations-array" count="8">
 LINEAR LINEAR LINEAR LINEAR LINEAR LINEAR LINEAR LINEAR</Name_array><technique_common><accessor source="#M_Hair_Jnt_8-Interpolations-array" count="8"><param type="name"/></accessor></technique_common></source><sampler id="M_Hair_Jnt_8-Matrix-animation-transform"><input semantic="INPUT" source="#M_Hair_Jnt_8-Matrix-animation-input"/><input semantic="OUTPUT" source="#M_Hair_Jnt_8-Matrix-animation-output-transform"/><input semantic="INTERPOLATION" source="#M_Hair_Jnt_8-Interpolations"/></sampler><channel source="#M_Hair_Jnt_8-Matrix-animation-transform" target="M_Hair_Jnt_8/matrix"/></animation></animation>
    <animation id="L_Hair_Jnt_0-anim" name="L_Hair_Jnt_0"><animation><source id="L_Hair_Jnt_0-Matrix-animation-input"><float_array id="L_Hair_Jnt_0-Matrix-animation-input-array" count="8">

0.000000 0.083333 0.166667 0.250000 0.333333 0.416667 0.500000 0.583333</float_array><technique_common><accessor source="#L_Hair_Jnt_0-Matrix-animation-input-array" count="8"><param name="TIME" type="float"/></accessor></technique_common></source><source id="L_Hair_Jnt_0-Matrix-animation-output-transform"><float_array id="L_Hair_Jnt_0-Matrix-animation-output-transform-array" count="128">

-0.470706 0.877088 -0.095668 0.071604 0.881099 0.472932 0.000674 0.133278 0.045836 -0.083975 -0.995413 -0.100457 0.000000 0.000000 0.000000 1.000000
-0.474340 0.875551 -0.091724 0.071604 0.880342 0.471648 -0.050467 0.133278 -0.000925 -0.104687 -0.994505 -0.100457 0.000000 0.000000 0.000000 1.000000
-0.499905 0.864535 -0.051708 0.071604 0.858457 0.486717 -0.161734 0.133278 -0.114658 -0.125240 -0.985479 -0.100457 0.000000 0.000000 0.000000 1.000000
-0.445960 0.881517 0.155072 0.071604 0.888518 0.456907 -0.042092 0.133278 -0.107959 0.119013 -0.987006 -0.100457 0.000000 0.000000 0.000000 1.000000
-0.868182 0.494061 0.046524 0.071604 0.496064 0.861497 0.108364 0.133278 0.013458 0.117158 -0.993022 -0.100457 0.000000 0.000000 0.000000 1.000000
-0.591422 0.801722 0.086385 0.071604 0.805499 0.592345 0.017289 0.133278 -0.037309 0.079809 -0.996112 -0.100457 0.000000 0.000000 0.000000 1.000000
-0.376225 0.925899 0.034150 0.071604 0.923185 0.377741 -0.071001 0.133278 -0.078640 0.004815 -0.996891 -0.100457 0.000000 0.000000 0.000000 1.000000
-0.389299 0.919963 -0.045975 0.071604 0.921065 0.388291 -0.029501 0.133278 -0.009288 -0.053831 -0.998507 -0.100457 0.000000 0.000000 0.000000 1.000000</float_array><technique_common><accessor source="#L_Hair_Jnt_0-Matrix-animation-output-transform-array" count="8" stride="16"><param type="float4x4"/></accessor></technique_common></source><source id="L_Hair_Jnt_0-Interpolations"><Name_array id="L_Hair_Jnt_0-Interpolations-array" count="8">
