<?xml version="1.0" encoding="utf-8"?>
<COLLADA xmlns="http://www.collada.org/2005/11/COLLADASchema" version="1.4.1">
  <asset><contributor><author></author><authoring_tool>FBX COLLADA exporter</authoring_tool><comments></comments></contributor><created>2013-09-10T16:02:11Z</created><keywords></keywords><modified>2013-09-10T16:02:11Z</modified><revision></revision><subject></subject><title></title><unit meter="0.010000" name="centimeter"></unit><up_axis>Y_UP</up_axis></asset>
  <library_animations>
    <animation id="Pelvis-anim" name="Pelvis"><animation><source id="Pelvis-Matrix-animation-input"><float_array id="Pelvis-Matrix-animation-input-array" count="2">

0.000000 0.200000</float_array><technique_common><accessor source="#Pelvis-Matrix-animation-input-array" count="2"><param name="TIME" type="float"/></accessor></technique_common></source><source id="Pelvis-Matrix-animation-output-transform"><float_array id="Pelvis-Matrix-animation-output-transform-array" count="32">

0.999998 -0.001721 -0.000279 0.000000 0.001613 0.973984 -0.226611 2.394757 0.000661 0.226611 0.973985 2.382922 0.000000 0.000000 0.000000 1.000000
0.999998 -0.001721 -0.000279 0.000000 0.001613 0.973984 -0.226611 2.394757 0.000661 0.226611 0.973985 2.382922 0.000000 0.000000 0.000000 1.000000</float_array><technique_common><accessor source="#Pelvis-Matrix-animation-output-transform-array" count="2" stride="16"><param type="float4x4"/></accessor></technique_common></source><source id="Pelvis-Interpolations"><Name_array id="Pelvis-Interpolations-array" count="2">
 LINEAR LINEAR</Name_array><technique_common><accessor source="#Pelvis-Interpolations-array" count="2"><param type="name"/></accessor></technique_common></source><sampler id="Pelvis-Matrix-animation-transform"><input semantic="INPUT" source="#Pelvis-Matrix-animation-input"/><input semantic="OUTPUT" source="#Pelvis-Matrix-animation-output-transform"/><input semantic="INTERPOLATION" source="#Pelvis-Interpolations"/></sampler><channel source="#Pelvis-Matrix-animation-transform" target="Pelvis/matrix"/></animation></animation>
    <animation id="Spine_01-anim" name="Spine_01"><animation><source id="Spine_01-Matrix-animation-input"><float_array id="Spine_01-Matrix-animation-input-array" count="2">

0.000000 0.200000</float_array><technique_common><accessor source="#Spine_01-Matrix-animation-input-array" count="2"><param name="TIME" type="float"/></accessor></technique_common></source><source id="Spine_01-Matrix-animation-output-transform"><float_array id="Spine_01-Matrix-animation-output-transform-array" count="32">

0.000000 -0.000000 1.000000 -0.000000 0.997390 0.072196 -0.000000 0.211260 -0.072196 0.997390 0.000000 0.059226 0.000000 0.000000 0.000000 1.000000
-0.001891 0.001151 0.999998 -0.000000 0.998011 0.063011 0.001815 0.211260 -0.063009 0.998012 -0.001268 0.059226 0.000000 0.000000 0.000000 1.000000</float_array><technique_common><accessor source="#Spine_01-Matrix-animation-output-transform-array" count="2" stride="16"><param type="float4x4"/></accessor></technique_common></source><source id="Spine_01-Interpolations"><Name_array id="Spine_01-Interpolations-array" count="2">
 LINEAR LINEAR</Name_array><technique_common><accessor source="#Spine_01-Interpolations-array" count="2"><param type="name"/></accessor></technique_common></source><sampler id="Spine_01-Matrix-animation-transform"><input semantic="INPUT" source="#Spine_01-Matrix-animation-input"/><input semantic="OUTPUT" source="#Spine_01-Matrix-animation-output-transform"/><input semantic="INTERPOLATION" source="#Spine_01-Interpolations"/></sampler><channel source="#Spine_01-Matrix-animation-transform" target="Spine_01/matrix"/></animation></animation>
    <animation id="Spine_02-anim" name="Spine_02"><animation><source id="Spine_02-Matrix-animation-input"><float_array id="Spine_02-Matrix-animation-input-array" count="2">

0.000000 0.200000</float_array><technique_common><accessor source="#Spine_02-Matrix-animation-input-array" count="2"><param name="TIME" type="float"/></accessor></technique_common></source><source id="Spine_02-Matrix-animation-output-transform"><float_array id="Spine_02-Matrix-animation-output-transform-array" count="32">

0.983226 0.182392 0.000000 0.204170 -0.182392 0.983226 0.000000 0.000000 -0.000000 -0.000000 1.000000 -0.000000 0.000000 0.000000 0.000000 1.000000
0.983226 0.182392 -0.000000 0.204170 -0.182392 0.983226 0.000000 0.000000 0.000000 -0.000000 1.000000 -0.000000 0.000000 0.000000 0.000000 1.000000</float_array><technique_common><accessor source="#Spine_02-Matrix-animation-output-transform-array" count="2" stride="16"><param type="float4x4"/></accessor></technique_common></source><source id="Spine_02-Interpolations"><Name_array id="Spine_02-Interpolations-array" count="2">
 LINEAR LINEAR</Name_array><technique_common><accessor source="#Spine_02-Interpolations-array" count="2"><param type="name"/></accessor></technique_common></source><sampler id="Spine_02-Matrix-animation-transform"><input semantic="INPUT" source="#Spine_02-Matrix-animation-input"/><input semantic="OUTPUT" source="#Spine_02-Matrix-animation-output-transform"/><input semantic="INTERPOLATION" source="#Spine_02-Interpolations"/></sampler><channel source="#Spine_02-Matrix-animation-transform" target="Spine_02/matrix"/></animation></animation>
    <animation id="Spine_03-anim" name="Spine_03"><animation><source id="Spine_03-Matrix-animation-input"><float_array id="Spine_03-Matrix-animation-input-array" count="2">

0.000000 0.200000</float_array><technique_common><accessor source="#Spine_03-Matrix-animation-input-array" count="2"><param name="TIME" type="float"/></accessor></technique_common></source><source id="Spine_03-Matrix-animation-output-transform"><float_array id="Spine_03-Matrix-animation-output-transform-array" count="32">

0.967759 0.251309 0.016892 0.299514 0.251271 -0.967907 0.004386 0.000000 0.017452 0.000000 -0.999848 -0.000000 0.000000 0.000000 0.000000 1.000000
0.967759 0.251309 0.016892 0.299514 0.251271 -0.967907 0.004386 0.000000 0.017452 0.000000 -0.999848 -0.000000 0.000000 0.000000 0.000000 1.000000</float_array><technique_common><accessor source="#Spine_03-Matrix-animation-output-transform-array" count="2" stride="16"><param type="float4x4"/></accessor></technique_common></source><source id="Spine_03-Interpolations"><Name_array id="Spine_03-Interpolations-array" count="2">
 LINEAR LINEAR</Name_array><technique_common><accessor source="#Spine_03-Interpolations-array" count="2"><param type="name"/></accessor></technique_common></source><sampler id="Spine_03-Matrix-animation-transform"><input semantic="INPUT" source="#Spine_03-Matrix-animation-input"/><input semantic="OUTPUT" source="#Spine_03-Matrix-animation-output-transform"/><input semantic="INTERPOLATION" source="#Spine_03-Interpolations"/></sampler><channel source="#Spine_03-Matrix-animation-transform" target="Spine_03/matrix"/></animation></animation>
    <animation id="Head-anim" name="Head"><animation><source id="Head-Matrix-animation-input"><float_array id="Head-Matrix-animation-input-array" count="2">

0.000000 0.200000</float_array><technique_common><accessor source="#Head-Matrix-animation-input-array" count="2"><param name="TIME" type="float"/></accessor></technique_common></source><source id="Head-Matrix-animation-output-transform"><float_array id="Head-Matrix-animation-output-transform-array" count="32">

0.993873 -0.110524 -0.000000 0.133559 0.110524 0.993873 -0.000000 -0.000000 0.000000 0.000000 1.000000 0.000000 0.000000 0.000000 0.000000 1.000000
0.993966 -0.109452 0.007138 0.133559 0.109621 0.993498 -0.030731 0.000000 -0.003728 0.031328 0.999502 0.000000 0.000000 0.000000 0.000000 1.000000</float_array><technique_common><accessor source="#Head-Matrix-animation-output-transform-array" count="2" stride="16"><param type="float4x4"/></accessor></technique_common></source><source id="Head-Interpolations"><Name_array id="Head-Interpolations-array" count="2">
 LINEAR LINEAR</Name_array><technique_common><accessor source="#Head-Interpolations-array" count="2"><param type="name"/></accessor></technique_common></source><sampler id="Head-Matrix-animation-transform"><input semantic="INPUT" source="#Head-Matrix-animation-input"/><input semantic="OUTPUT" source="#Head-Matrix-animation-output-transform"/><input semantic="INTERPOLATION" source="#Head-Interpolations"/></sampler><channel source="#Head-Matrix-animation-transform" target="Head/matrix"/></animation></animation>
    <animation id="M_Hair_Jnt_0-anim" name="M_Hair_Jnt_0"><animation><source id="M_Hair_Jnt_0-Matrix-animation-input"><float_array id="M_Hair_Jnt_0-Matrix-animation-input-array" count="2">

0.000000 0.200000</float_array><technique_common><accessor source="#M_Hair_Jnt_0-Matrix-animation-input-array" count="2"><param name="TIME" type="float"/></accessor></technique_common></source><source id="M_Hair_Jnt_0-Matrix-animation-output-transform"><float_array id="M_Hair_Jnt_0-Matrix-animation-output-transform-array" count="32">

-0.864716 0.501552 -0.026689 0.191574 0.487484 0.850882 0.195853 0.208364 0.120940 0.156347 -0.980270 -0.007597 0.000000 0.000000 0.000000 1.000000
-0.864716 0.501552 -0.026692 0.191574 0.487482 0.850882 0.195861 0.208364 0.120946 0.156352 -0.980268 -0.007597 0.000000 0.000000 0.000000 1.000000</float_array><technique_common><accessor source="#M_Hair_Jnt_0-Matrix-animation-output-transform-array" count="2" stride="16"><param type="float4x4"/></accessor></technique_common></source><source id="M_Hair_Jnt_0-Interpolations"><Name_array id="M_Hair_Jnt_0-Interpolations-array" count="2">
 LINEAR LINEAR</Name_array><technique_common><accessor source="#M_Hair_Jnt_0-Interpolations-array" count="2"><param type="name"/></accessor></technique_common></source><sampler id="M_Hair_Jnt_0-Matrix-animation-transform"><input semantic="INPUT" source="#M_Hair_Jnt_0-Matrix-animation-input"/><input semantic="OUTPUT" source="#M_Hair_Jnt_0-Matrix-animation-output-transform"/><input semantic="INTERPOLATION" source="#M_Hair_Jnt_0-Interpolations"/></sampler><channel source="#M_Hair_Jnt_0-Matrix-animation-transform" target="M_Hair_Jnt_0/matrix"/></animation></animation>
    <animation id="M_Hair_Jnt_1-anim" name="M_Hair_Jnt_1"><animation><source id="M_Hair_Jnt_1-Matrix-animation-input"><float_array id="M_Hair_Jnt_1-Matrix-animation-input-array" count="2">

0.000000 0.200000</float_array><technique_common><accessor source="#M_Hair_Jnt_1-Matrix-animation-input-array" count="2"><param name="TIME" type="float"/></accessor></technique_common></source><source id="M_Hair_Jnt_1-Matrix-animation-output-transform"><float_array id="M_Hair_Jnt_1-Matrix-animation-output-transform-array" count="32">

0.991842 0.127303 -0.006593 0.147208 -0.127389 0.991739 -0.015056 0.000000 0.004622 0.015773 0.999865 -0.004321 0.000000 0.000000 0.000000 1.000000
0.991842 0.127302 -0.006593 0.147208 -0.127389 0.991739 -0.015056 0.000000 0.004622 0.015773 0.999865 -0.004321 0.000000 0.000000 0.000000 1.000000</float_array><technique_common><accessor source="#M_Hair_Jnt_1-Matrix-animation-output-transform-array" count="2" stride="16"><param type="float4x4"/></accessor></technique_common></source><source id="M_Hair_Jnt_1-Interpolations"><Name_array id="M_Hair_Jnt_1-Interpolations-array" count="2">
 LINEAR LINEAR</Name_array><technique_common><accessor source="#M_Hair_Jnt_1-Interpolations-array" count="2"><param type="name"/></accessor></technique_common></source><sampler id="M_Hair_Jnt_1-Matrix-animation-transform"><input semantic="INPUT" source="#M_Hair_Jnt_1-Matrix-animation-input"/><input semantic="OUTPUT" source="#M_Hair_Jnt_1-Matrix-animation-output-transform"/><input semantic="INTERPOLATION" source="#M_Hair_Jnt_1-Interpolations"/></sampler><channel source="#M_Hair_Jnt_1-Matrix-animation-transform" target="M_Hair_Jnt_1/matrix"/></animation></animation>
    <animation id="M_Hair_Jnt_2-anim" name="M_Hair_Jnt_2"><animation><source id="M_Hair_Jnt_2-Matrix-animation-input"><float_array id="M_Hair_Jnt_2-Matrix-animation-input-array" count="2">

0.000000 0.200000</float_array><technique_common><accessor source="#M_Hair_Jnt_2-Matrix-animation-input-array" count="2"><param name="TIME" type="float"/></accessor></technique_common></source><source id="M_Hair_Jnt_2-Matrix-animation-output-transform"><float_array id="M_Hair_Jnt_2-Matrix-animation-output-transform-array" count="32">

0.949999 0.311828 0.016288 0.244749 -0.311690 0.950126 -0.010517 0.000000 -0.018755 0.004915 0.999812 -0.009540 0.000000 0.000000 0.000000 1.000000
0.949999 0.311827 0.016288 0.244749 -0.311689 0.950126 -0.010517 0.000000 -0.018755 0.004915 0.999812 -0.009540 0.000000 0.000000 0.000000 1.000000</float_array><technique_common><accessor source="#M_Hair_Jnt_2-Matrix-animation-output-transform-array" count="2" stride="16"><param type="float4x4"/></accessor></technique_common></source><source id="M_Hair_Jnt_2-Interpolations"><Name_array id="M_Hair_Jnt_2-Interpolations-array" count="2">
 LINEAR LINEAR</Name_array><technique_common><accessor source="#M_Hair_Jnt_2-Interpolations-array" count="2"><param type="name"/></accessor></technique_common></source><sampler id="M_Hair_Jnt_2-Matrix-animation-transform"><input semantic="INPUT" source="#M_Hair_Jnt_2-Matrix-animation-input"/><input semantic="OUTPUT" source="#M_Hair_Jnt_2-Matrix-animation-output-transform"/><input semantic="INTERPOLATION" source="#M_Hair_Jnt_2-Interpolations"/></sampler><channel source="#M_Hair_Jnt_2-Matrix-animation-transform" target="M_Hair_Jnt_2/matrix"/></animation></animation>
    <animation id="M_Hair_Jnt_3-anim" name="M_Hair_Jnt_3"><animation><source id="M_Hair_Jnt_3-Matrix-animation-input"><float_array id="M_Hair_Jnt_3-Matrix-animation-input-array" count="2">

0.000000 0.200000</float_array><technique_common><accessor source="#M_Hair_Jnt_3-Matrix-animation-input-array" count="2"><param name="TIME" type="float"/></accessor></technique_common></source><source id="M_Hair_Jnt_3-Matrix-animation-output-transform"><float_array id="M_Hair_Jnt_3-Matrix-animation-output-transform-array" count="32">

0.982267 0.187486 -0.000273 0.217920 -0.187487 0.982266 -0.001425 -0.000000 0.000001 0.001451 0.999999 -0.000000 0.000000 0.000000 0.000000 1.000000
0.982267 0.187486 -0.000273 0.217920 -0.187486 0.982266 -0.001425 0.000000 0.000001 0.001451 0.999999 -0.000000 0.000000 0.000000 0.000000 1.000000</float_array><technique_common><accessor source="#M_Hair_Jnt_3-Matrix-animation-output-transform-array" count="2" stride="16"><param type="float4x4"/></accessor></technique_common></source><source id="M_Hair_Jnt_3-Interpolations"><Name_array id="M_Hair_Jnt_3-Interpolations-array" count="2">
 LINEAR LINEAR</Name_array><technique_common><accessor source="#M_Hair_Jnt_3-Interpolations-array" count="2"><param type="name"/></accessor></technique_common></source><sampler id="M_Hair_Jnt_3-Matrix-animation-transform"><input semantic="INPUT" source="#M_Hair_Jnt_3-Matrix-animation-input"/><input semantic="OUTPUT" source="#M_Hair_Jnt_3-Matrix-animation-output-transform"/><input semantic="INTERPOLATION" source="#M_Hair_Jnt_3-Interpolations"/></sampler><channel source="#M_Hair_Jnt_3-Matrix-animation-transform" target="M_Hair_Jnt_3/matrix"/></animation></animation>
    <animation id="M_Har_Jnt_4-anim" name="M_Har_Jnt_4"><animation><source id="M_Har_Jnt_4-Matrix-animation-input"><float_array id="M_Har_Jnt_4-Matrix-animation-input-array" count="2">

0.000000 0.200000</float_array><technique_common><accessor source="#M_Har_Jnt_4-Matrix-animation-input-array" count="2"><param name="TIME" type="float"/></accessor></technique_common></source><source id="M_Har_Jnt_4-Matrix-animation-output-transform"><float_array id="M_Har_Jnt_4-Matrix-animation-output-transform-array" count="32">

0.990675 -0.133608 0.026698 0.170737 -0.133723 -0.991016 0.002545 0.000000 0.026118 -0.006091 -0.999640 0.000000 0.000000 0.000000 0.000000 1.000000
0.990675 -0.133608 0.026698 0.170737 -0.133722 -0.991016 0.002545 0.000000 0.026118 -0.006091 -0.999640 0.000000 0.000000 0.000000 0.000000 1.000000</float_array><technique_common><accessor source="#M_Har_Jnt_4-Matrix-animation-output-transform-array" count="2" stride="16"><param type="float4x4"/></accessor></technique_common></source><source id="M_Har_Jnt_4-Interpolations"><Name_array id="M_Har_Jnt_4-Interpolations-array" count="2">
 LINEAR LINEAR</Name_array><technique_common><accessor source="#M_Har_Jnt_4-Interpolations-array" count="2"><param type="name"/></accessor></technique_common></source><sampler id="M_Har_Jnt_4-Matrix-animation-transform"><input semantic="INPUT" source="#M_Har_Jnt_4-Matrix-animation-input"/><input semantic="OUTPUT" source="#M_Har_Jnt_4-Matrix-animation-output-transform"/><input semantic="INTERPOLATION" source="#M_Har_Jnt_4-Interpolations"/></sampler><channel source="#M_Har_Jnt_4-Matrix-animation-transform" target="M_Har_Jnt_4/matrix"/></animation></animation>
    <animation id="M_Hair_Jnt_5-anim" name="M_Hair_Jnt_5"><animation><source id="M_Hair_Jnt_5-Matrix-animation-input"><float_array id="M_Hair_Jnt_5-Matrix-animation-input-array" count="2">

0.000000 0.200000</float_array><technique_common><accessor source="#M_Hair_Jnt_5-Matrix-animation-input-array" count="2"><param name="TIME" type="float"/></accessor></technique_common></source><source id="M_Hair_Jnt_5-Matrix-animation-output-transform"><float_array id="M_Hair_Jnt_5-Matrix-animation-output-transform-array" count="32">

0.996857 -0.079186 0.002491 0.195168 0.079205 0.996820 -0.008736 0.000000 -0.001792 0.008906 0.999959 0.010600 0.000000 0.000000 0.000000 1.000000
0.996857 -0.079185 0.002491 0.195168 0.079204 0.996820 -0.008736 -0.000000 -0.001792 0.008906 0.999959 0.010600 0.000000 0.000000 0.000000 1.000000</float_array><technique_common><accessor source="#M_Hair_Jnt_5-Matrix-animation-output-transform-array" count="2" stride="16"><param type="float4x4"/></accessor></technique_common></source><source id="M_Hair_Jnt_5-Interpolations"><Name_array id="M_Hair_Jnt_5-Interpolations-array" count="2">
 LINEAR LINEAR</Name_array><technique_common><accessor source="#M_Hair_Jnt_5-Interpolations-array" count="2"><param type="name"/></accessor></technique_common></source><sampler id="M_Hair_Jnt_5-Matrix-animation-transform"><input semantic="INPUT" source="#M_Hair_Jnt_5-Matrix-animation-input"/><input semantic="OUTPUT" source="#M_Hair_Jnt_5-Matrix-animation-output-transform"/><input semantic="INTERPOLATION" source="#M_Hair_Jnt_5-Interpolations"/></sampler><channel source="#M_Hair_Jnt_5-Matrix-animation-transform" target="M_Hair_Jnt_5/matrix"/></animation></animation>
    <animation id="M_Hair_Jnt_6-anim" name="M_Hair_Jnt_6"><animation><source id="M_Hair_Jnt_6-Matrix-animation-input"><float_array id="M_Hair_Jnt_6-Matrix-animation-input-array" count="2">

0.000000 0.200000</float_array><technique_common><accessor source="#M_Hair_Jnt_6-Matrix-animation-input-array" count="2"><param name="TIME" type="float"/></accessor></technique_common></source><source id="M_Hair_Jnt_6-Matrix-animation-output-transform"><float_array id="M_Hair_Jnt_6-Matrix-animation-output-transform-array" count="32">

0.977080 -0.212568 -0.011390 0.200854 -0.212674 -0.977080 -0.009131 -0.000000 -0.009188 0.011344 -0.999893 0.011660 0.000000 0.000000 0.000000 1.000000
0.977080 -0.212567 -0.011390 0.200854 -0.212674 -0.977081 -0.009131 -0.000000 -0.009188 0.011344 -0.999893 0.011660 0.000000 0.000000 0.000000 1.000000</float_array><technique_common><accessor source="#M_Hair_Jnt_6-Matrix-animation-output-transform-array" count="2" stride="16"><param type="float4x4"/></accessor></technique_common></source><source id="M_Hair_Jnt_6-Interpolations"><Name_array id="M_Hair_Jnt_6-Interpolations-array" count="2">
 LINEAR LINEAR</Name_array><technique_common><accessor source="#M_Hair_Jnt_6-Interpolations-array" count="2"><param type="name"/></accessor></technique_common></source><sampler id="M_Hair_Jnt_6-Matrix-animation-transform"><input semantic="INPUT" source="#M_Hair_Jnt_6-Matrix-animation-input"/><input semantic="OUTPUT" source="#M_Hair_Jnt_6-Matrix-animation-output-transform"/><input semantic="INTERPOLATION" source="#M_Hair_Jnt_6-Interpolations"/></sampler><channel source="#M_Hair_Jnt_6-Matrix-animation-transform" target="M_Hair_Jnt_6/matrix"/></animation></animation>
    <animation id="M_Hair_Jnt_7-anim" name="M_Hair_Jnt_7"><animation><source id="M_Hair_Jnt_7-Matrix-animation-input"><float_array id="M_Hair_Jnt_7-Matrix-animation-input-array" count="2">

0.000000 0.200000</float_array><technique_common><accessor source="#M_Hair_Jnt_7-Matrix-animation-input-array" count="2"><param name="TIME" type="float"/></accessor></technique_common></source><source id="M_Hair_Jnt_7-Matrix-animation-output-transform"><float_array id="M_Hair_Jnt_7-Matrix-animation-output-transform-array" count="32">

0.983001 -0.183493 0.006205 0.246933 0.183414 0.982968 0.011553 0.000000 -0.008219 -0.010219 0.999914 -0.019079 0.000000 0.000000 0.000000 1.000000
0.983002 -0.183493 0.006205 0.246933 0.183413 0.982968 0.011553 0.000000 -0.008219 -0.010219 0.999914 -0.019079 0.000000 0.000000 0.000000 1.000000</float_array><technique_common><accessor source="#M_Hair_Jnt_7-Matrix-animation-output-transform-array" count="2" stride="16"><param type="float4x4"/></accessor></technique_common></source><source id="M_Hair_Jnt_7-Interpolations"><Name_array id="M_Hair_Jnt_7-Interpolations-array" count="2">
 LINEAR LINEAR</Name_array><technique_common><accessor source="#M_Hair_Jnt_7-Interpolations-array" count="2"><param type="name"/></accessor></technique_common></source><sampler id="M_Hair_Jnt_7-Matrix-animation-transform"><input semantic="INPUT" source="#M_Hair_Jnt_7-Matrix-animation-input"/><input semantic="OUTPUT" source="#M_Hair_Jnt_7-Matrix-animation-output-transform"/><input semantic="INTERPOLATION" source="#M_Hair_Jnt_7-Interpolations"/></sampler><channel source="#M_Hair_Jnt_7-Matrix-animation-transform" target="M_Hair_Jnt_7/matrix"/></animation></animation>
    <animation id="M_Hair_Jnt_8-anim" name="M_Hair_Jnt_8"><animation><source id="M_Hair_Jnt_8-Matrix-animation-input"><float_array id="M_Hair_Jnt_8-Matrix-animation-input-array" count="2">

0.000000 0.200000</float_array><technique_common><accessor source="#M_Hair_Jnt_8-Matrix-animation-input-array" count="2"><param name="TIME" type="float"/></accessor></technique_common></source><source id="M_Hair_Jnt_8-Matrix-animation-output-transform"><float_array id="M_Hair_Jnt_8-Matrix-animation-output-transform-array" count="32">

0.000000 -0.894427 -0.447214 0.423267 0.000000 0.447214 -0.894427 -0.000000 1.000000 0.000000 0.000000 -0.025439 0.000000 0.000000 0.000000 1.000000
0.000000 -0.894427 -0.447214 0.423267 0.000000 0.447214 -0.894427 0.000000 1.000000 0.000000 0.000000 -0.025439 0.000000 0.000000 0.000000 1.000000</float_array><technique_common><accessor source="#M_Hair_Jnt_8-Matrix-animation-output-transform-array" count="2" stride="16"><param type="float4x4"/></accessor></technique_common></source><source id="M_Hair_Jnt_8-Interpolations"><Name_array id="M_Hair_Jnt_8-Interpolations-array" count="2">
 LINEAR LINEAR</Name_array><technique_common><accessor source="#M_Hair_Jnt_8-Interpolations-array" count="2"><param type="name"/></accessor></technique_common></source><sampler id="M_Hair_Jnt_8-Matrix-animation-transform"><input semantic="INPUT" source="#M_Hair_Jnt_8-Matrix-animation-input"/><input semantic="OUTPUT" source="#M_Hair_Jnt_8-Matrix-animation-output-transform"/><input semantic="INTERPOLATION" source="#M_Hair_Jnt_8-Interpolations"/></sampler><channel source="#M_Hair_Jnt_8-Matrix-animation-transform" target="M_Hair_Jnt_8/matrix"/></animation></animation>
    <animation id="L_Hair_Jnt_0-anim" name="L_Hair_Jnt_0"><animation><source id="L_Hair_Jnt_0-Matrix-animation-input"><float_array id="L_Hair_Jnt_0-Matrix-animation-input-array" count="2">

0.000000 0.200000</float_array><technique_common><accessor source="#L_Hair_Jnt_0-Matrix-animation-input-array" count="2"><param name="TIME" type="float"/></accessor></technique_common></source><source id="L_Hair_Jnt_0-Matrix-animation-output-transform"><float_array id="L_Hair_Jnt_0-Matrix-animation-output-transform-array" count="32">

-0.905637 0.395766 -0.152285 0.071604 0.368045 0.911962 0.181295 0.133278 0.210628 0.108140 -0.971567 -0.100457 0.000000 0.000000 0.000000 1.000000
-0.904974 0.396873 -0.153340 0.071604 0.372205 0.913081 0.166571 0.133278 0.206120 0.093669 -0.974033 -0.100457 0.000000 0.000000 0.000000 1.000000</float_array><technique_common><accessor source="#L_Hair_Jnt_0-Matrix-animation-output-transform-array" count="2" stride="16"><param type="float4x4"/></accessor></technique_common></source><source id="L_Hair_Jnt_0-Interpolations"><Name_array id="L_Hair_Jnt_0-Interpolations-array" count="2">
 LINEAR LINEAR</Name_array><technique_common><accessor source="#L_Hair_Jnt_0-Interpolations-array" count="2"><param type="name"/></accessor></technique_common></source><sampler id="L_Hair_Jnt_0-Matrix-animation-transform"><input semantic="INPUT" source="#L_Hair_Jnt_0-Matrix-animation-input"/><input semantic="OUTPUT" source="#L_Hair_Jnt_0-Matrix-animation-output-transform"/><input semantic="INTERPOLATION" source="#L_Hair_Jnt_0-Interpolations"/></sampler><channel source="#L_Hair_Jnt_0-Matrix-animation-transform" target="L_Hair_Jnt_0/matrix"/></animation></animation>
    <animation id="L_Hair_Jnt_1-anim" name="L_Hair_Jnt_1"><animation><source id="L_Hair_Jnt_1-Matrix-animation-input"><float_array id="L_Hair_Jnt_1-Matrix-animation-input-array" count="2">

0.000000 0.200000</float_array><technique_common><accessor source="#L_Hair_Jnt_1-Matrix-animation-input-array" count="2"><param name="TIME" type="float"/></accessor></technique_common></source><source id="L_Hair_Jnt_1-Matrix-animation-output-transform"><float_array id="L_Hair_Jnt_1-Matrix-animation-output-transform-array" count="32">

0.982878 0.178756 -0.044686 0.147723 -0.176986 0.983364 0.040876 0.000000 0.051249 -0.032267 0.998164 0.059647 0.000000 0.000000 0.000000 1.000000
0.982878 0.178757 -0.044686 0.147723 -0.176987 0.983364 0.040875 0.000000 0.051249 -0.032267 0.998165 0.059647 0.000000 0.000000 0.000000 1.000000</float_array><technique_common><accessor source="#L_Hair_Jnt_1-Matrix-animation-output-transform-array" count="2" stride="16"><param type="float4x4"/></accessor></technique_common></source><source id="L_Hair_Jnt_1-Interpolations"><Name_array id="L_Hair_Jnt_1-Interpolations-array" count="2">
 LINEAR LINEAR</Name_array><technique_common><accessor source="#L_Hair_Jnt_1-Interpolations-array" count="2"><param type="name"/></accessor></technique_common></source><sampler id="L_Hair_Jnt_1-Matrix-animation-transform"><input semantic="INPUT" source="#L_Hair_Jnt_1-Matrix-animation-input"/><input semantic="OUTPUT" source="#L_Hair_Jnt_1-Matrix-animation-output-transform"/><input semantic="INTERPOLATION" source="#L_Hair_Jnt_1-Interpolations"/></sampler><channel source="#L_Hair_Jnt_1-Matrix-animation-transform" target="L_Hair_Jnt_1/matrix"/></animation></animation>
    <animation id="L_Hair_Jnt_2-anim" name="L_Hair_Jnt_2"><animation><source id="L_Hair_Jnt_2-Matrix-animation-input"><float_array id="L_Hair_Jnt_2-Matrix-animation-input-array" count="2">

0.000000 0.200000</float_array><technique_common><accessor source="#L_Hair_Jnt_2-Matrix-animation-input-array" count="2"><param name="TIME" type="float"/></accessor></technique_common></source><source id="L_Hair_Jnt_2-Matrix-animation-output-transform"><float_array id="L_Hair_Jnt_2-Matrix-animation-output-transform-array" count="32">

0.990340 0.125853 -0.058198 0.125430 -0.125784 0.992046 0.004872 -0.000000 0.058349 0.002495 0.998293 0.034850 0.000000 0.000000 0.000000 1.000000
0.990340 0.125854 -0.058198 0.125430 -0.125785 0.992046 0.004872 -0.000000 0.058348 0.002495 0.998293 0.034850 0.000000 0.000000 0.000000 1.000000</float_array><technique_common><accessor source="#L_Hair_Jnt_2-Matrix-animation-output-transform-array" count="2" stride="16"><param type="float4x4"/></accessor></technique_common></source><source id="L_Hair_Jnt_2-Interpolations"><Name_array id="L_Hair_Jnt_2-Interpolations-array" count="2">
 LINEAR LINEAR</Name_array><technique_common><accessor source="#L_Hair_Jnt_2-Interpolations-array" count="2"><param type="name"/></accessor></technique_common></source><sampler id="L_Hair_Jnt_2-Matrix-animation-transform"><input semantic="INPUT" source="#L_Hair_Jnt_2-Matrix-animation-input"/><input semantic="OUTPUT" source="#L_Hair_Jnt_2-Matrix-animation-output-transform"/><input semantic="INTERPOLATION" source="#L_Hair_Jnt_2-Interpolations"/></sampler><channel source="#L_Hair_Jnt_2-Matrix-animation-transform" target="L_Hair_Jnt_2/matrix"/></animation></animation>
    <animation id="L_Hair_Jnt_3-anim" name="L_Hair_Jnt_3"><animation><source id="L_Hair_Jnt_3-Matrix-animation-input"><float_array id="L_Hair_Jnt_3-Matrix-animation-input-array" count="2">

0.000000 0.200000</float_array><technique_common><accessor source="#L_Hair_Jnt_3-Matrix-animation-input-array" count="2"><param name="TIME" type="float"/></accessor></technique_common></source><source id="L_Hair_Jnt_3-Matrix-animation-output-transform"><float_array id="L_Hair_Jnt_3-Matrix-animation-output-transform-array" count="32">

0.986577 0.149142 -0.066497 0.115046 -0.150143 0.988611 -0.010278 0.000000 0.064207 0.020124 0.997734 0.016457 0.000000 0.000000 0.000000 1.000000
0.986577 0.149143 -0.066496 0.115046 -0.150144 0.988611 -0.010278 0.000000 0.064206 0.020124 0.997734 0.016457 0.000000 0.000000 0.000000 1.000000</float_array><technique_common><accessor source="#L_Hair_Jnt_3-Matrix-animation-output-transform-array" count="2" stride="16"><param type="float4x4"/></accessor></technique_common></source><source id="L_Hair_Jnt_3-Interpolations"><Name_array id="L_Hair_Jnt_3-Interpolations-array" count="2">
 LINEAR LINEAR</Name_array><technique_common><accessor source="#L_Hair_Jnt_3-Interpolations-array" count="2"><param type="name"/></accessor></technique_common></source><sampler id="L_Hair_Jnt_3-Matrix-animation-transform"><input semantic="INPUT" source="#L_Hair_Jnt_3-Matrix-animation-input"/><input semantic="OUTPUT" source="#L_Hair_Jnt_3-Matrix-animation-output-transform"/><input semantic="INTERPOLATION" source="#L_Hair_Jnt_3-Interpolations"/></sampler><channel source="#L_Hair_Jnt_3-Matrix-animation-transform" target="L_Hair_Jnt_3/matrix"/></animation></animation>
    <animation id="L_Hair_Jnt_4-anim" name="L_Hair_Jnt_4"><animation><source id="L_Hair_Jnt_4-Matrix-animation-input"><float_array id="L_Hair_Jnt_4-Matrix-animation-input-array" count="2">

0.000000 0.200000</float_array><technique_common><accessor source="#L_Hair_Jnt_4-Matrix-animation-input-array" count="2"><param name="TIME" type="float"/></accessor></technique_common></source><source id="L_Hair_Jnt_4-Matrix-animation-output-transform"><float_array id="L_Hair_Jnt_4-Matrix-animation-output-transform-array" count="32">

0.997691 0.060315 -0.031215 0.110672 -0.060635 0.998116 -0.009420 -0.000000 0.030588 0.011291 0.999468 0.000000 0.000000 0.000000 0.000000 1.000000
0.997691 0.060315 -0.031215 0.110672 -0.060635 0.998116 -0.009420 -0.000000 0.030588 0.011291 0.999468 0.000000 0.000000 0.000000 0.000000 1.000000</float_array><technique_common><accessor source="#L_Hair_Jnt_4-Matrix-animation-output-transform-array" count="2" stride="16"><param type="float4x4"/></accessor></technique_common></source><source id="L_Hair_Jnt_4-Interpolations"><Name_array id="L_Hair_Jnt_4-Interpolations-array" count="2">
 LINEAR LINEAR</Name_array><technique_common><accessor source="#L_Hair_Jnt_4-Interpolations-array" count="2"><param type="name"/></accessor></technique_common></source><sampler id="L_Hair_Jnt_4-Matrix-animation-transform"><input semantic="INPUT" source="#L_Hair_Jnt_4-Matrix-animation-input"/><input semantic="OUTPUT" source="#L_Hair_Jnt_4-Matrix-animation-output-transform"/><input semantic="INTERPOLATION" source="#L_Hair_Jnt_4-Interpolations"/></sampler><channel source="#L_Hair_Jnt_4-Matrix-animation-transform" target="L_Hair_Jnt_4/matrix"/></animation></animation>
    <animation id="L_Hair_Jnt_5-anim" name="L_Hair_Jnt_5"><animation><source id="L_Hair_Jnt_5-Matrix-animation-input"><float_array id="L_Hair_Jnt_5-Matrix-animation-input-array" count="2">

0.000000 0.200000</float_array><technique_common><accessor source="#L_Hair_Jnt_5-Matrix-animation-input-array" count="2"><param name="TIME" type="float"/></accessor></technique_common></source><source id="L_Hair_Jnt_5-Matrix-animation-output-transform"><float_array id="L_Hair_Jnt_5-Matrix-animation-output-transform-array" count="32">

0.994249 -0.105641 0.017570 0.128803 -0.105687 -0.994398 0.001748 0.000000 0.017287 -0.003595 -0.999844 -0.008713 0.000000 0.000000 0.000000 1.000000
0.994249 -0.105641 0.017570 0.128803 -0.105688 -0.994398 0.001748 -0.000000 0.017287 -0.003595 -0.999844 -0.008713 0.000000 0.000000 0.000000 1.000000</float_array><technique_common><accessor source="#L_Hair_Jnt_5-Matrix-animation-output-transform-array" count="2" stride="16"><param type="float4x4"/></accessor></technique_common></source><source id="L_Hair_Jnt_5-Interpolations"><Name_array id="L_Hair_Jnt_5-Interpolations-array" count="2">
 LINEAR LINEAR</Name_array><technique_common><accessor source="#L_Hair_Jnt_5-Interpolations-array" count="2"><param type="name"/></accessor></technique_common></source><sampler id="L_Hair_Jnt_5-Matrix-animation-transform"><input semantic="INPUT" source="#L_Hair_Jnt_5-Matrix-animation-input"/><input semantic="OUTPUT" source="#L_Hair_Jnt_5-Matrix-animation-output-transform"/><input semantic="INTERPOLATION" source="#L_Hair_Jnt_5-Interpolations"/></sampler><channel source="#L_Hair_Jnt_5-Matrix-animation-transform" target="L_Hair_Jnt_5/matrix"/></animation></animation>
    <animation id="L_Hair_Jnt_6-anim" name="L_Hair_Jnt_6"><animation><source id="L_Hair_Jnt_6-Matrix-animation-input"><float_array id="L_Hair_Jnt_6-Matrix-animation-input-array" count="2">

0.000000 0.200000</float_array><technique_common><accessor source="#L_Hair_Jnt_6-Matrix-animation-input-array" count="2"><param name="TIME" type="float"/></accessor></technique_common></source><source id="L_Hair_Jnt_6-Matrix-animation-output-transform"><float_array id="L_Hair_Jnt_6-Matrix-animation-output-transform-array" count="32">

0.996818 -0.074567 -0.028189 0.191300 -0.074566 -0.997216 0.001094 -0.000000 -0.028192 0.001011 -0.999602 0.020329 0.000000 0.000000 0.000000 1.000000
0.996818 -0.074567 -0.028188 0.191300 -0.074566 -0.997215 0.001094 0.000000 -0.028191 0.001011 -0.999602 0.020329 0.000000 0.000000 0.000000 1.000000</float_array><technique_common><accessor source="#L_Hair_Jnt_6-Matrix-animation-output-transform-array" count="2" stride="16"><param type="float4x4"/></accessor></technique_common></source><source id="L_Hair_Jnt_6-Interpolations"><Name_array id="L_Hair_Jnt_6-Interpolations-array" count="2">
 LINEAR LINEAR</Name_array><technique_common><accessor source="#L_Hair_Jnt_6-Interpolations-array" count="2"><param type="name"/></accessor></technique_common></source><sampler id="L_Hair_Jnt_6-Matrix-animation-transform"><input semantic="INPUT" source="#L_Hair_Jnt_6-Matrix-animation-input"/><input semantic="OUTPUT" source="#L_Hair_Jnt_6-Matrix-animation-output-transform"/><input semantic="INTERPOLATION" source="#L_Hair_Jnt_6-Interpolations"/></sampler><channel source="#L_Hair_Jnt_6-Matrix-animation-transform" target="L_Hair_Jnt_6/matrix"/></animation></animation>
    <animation id="L_Hair_Jnt_7-anim" name="L_Hair_Jnt_7"><animation><source id="L_Hair_Jnt_7-Matrix-animation-input"><float_array id="L_Hair_Jnt_7-Matrix-animation-input-array" count="2">

0.000000 0.200000</float_array><technique_common><accessor source="#L_Hair_Jnt_7-Matrix-animation-input-array" count="2"><param name="TIME" type="float"/></accessor></technique_common></source><source id="L_Hair_Jnt_7-Matrix-animation-output-transform"><float_array id="L_Hair_Jnt_7-Matrix-animation-output-transform-array" count="32">

0.985677 -0.152350 0.072327 0.171050 0.152064 0.988325 0.009477 -0.000000 -0.072926 0.001657 0.997336 -0.029042 0.000000 0.000000 0.000000 1.000000
0.985676 -0.152351 0.072326 0.171050 0.152065 0.988325 0.009477 0.000000 -0.072926 0.001657 0.997336 -0.029042 0.000000 0.000000 0.000000 1.000000</float_array><technique_common><accessor source="#L_Hair_Jnt_7-Matrix-animation-output-transform-array" count="2" stride="16"><param type="float4x4"/></accessor></technique_common></source><source id="L_Hair_Jnt_7-Interpolations"><Name_array id="L_Hair_Jnt_7-Interpolations-array" count="2">
 LINEAR LINEAR</Name_array><technique_common><accessor source="#L_Hair_Jnt_7-Interpolations-array" count="2"><param type="name"/></accessor></technique_common></source><sampler id="L_Hair_Jnt_7-Matrix-animation-transform"><input semantic="INPUT" source="#L_Hair_Jnt_7-Matrix-animation-input"/><input semantic="OUTPUT" source="#L_Hair_Jnt_7-Matrix-animation-output-transform"/><input semantic="INTERPOLATION" source="#L_Hair_Jnt_7-Interpolations"/></sampler><channel source="#L_Hair_Jnt_7-Matrix-animation-transform" target="L_Hair_Jnt_7/matrix"/></animation></animation>
    <animation id="L_Hair_Jnt_8-anim" name="L_Hair_Jnt_8"><animation><source id="L_Hair_Jnt_8-Matrix-animation-input"><float_array id="L_Hair_Jnt_8-Matrix-animation-input-array" count="2">

0.000000 0.200000</float_array><technique_common><accessor source="#L_Hair_Jnt_8-Matrix-animation-input-array" count="2"><param name="TIME" type="float"/></accessor></technique_common></source><source id="L_Hair_Jnt_8-Matrix-animation-output-transform"><float_array id="L_Hair_Jnt_8-Matrix-animation-output-transform-array" count="32">

0.998434 0.011460 0.054747 0.182710 -0.012264 0.999822 0.014364 0.000000 -0.054573 -0.015013 0.998397 -0.001246 0.000000 0.000000 0.000000 1.000000
0.998435 0.011460 0.054747 0.182710 -0.012264 0.999822 0.014364 0.000000 -0.054572 -0.015013 0.998397 -0.001246 0.000000 0.000000 0.000000 1.000000</float_array><technique_common><accessor source="#L_Hair_Jnt_8-Matrix-animation-output-transform-array" count="2" stride="16"><param type="float4x4"/></accessor></technique_common></source><source id="L_Hair_Jnt_8-Interpolations"><Name_array id="L_Hair_Jnt_8-Interpolations-array" count="2">
 LINEAR LINEAR</Name_array><technique_common><accessor source="#L_Hair_Jnt_8-Interpolations-array" count="2"><param type="name"/></accessor></technique_common></source><sampler id="L_Hair_Jnt_8-Matrix-animation-transform"><input semantic="INPUT" source="#L_Hair_Jnt_8-Matrix-animation-input"/><input semantic="OUTPUT" source="#L_Hair_Jnt_8-Matrix-animation-output-transform"/><input semantic="INTERPOLATION" source="#L_Hair_Jnt_8-Interpolations"/></sampler><channel source="#L_Hair_Jnt_8-Matrix-animation-transform" target="L_Hair_Jnt_8/matrix"/></animation></animation>
    <animation id="L_Hair_Jnt_9-anim" name="L_Hair_Jnt_9"><animation><source id="L_Hair_Jnt_9-Matrix-animation-input"><float_array id="L_Hair_Jnt_9-Matrix-animation-input-array" count="2">

0.000000 0.200000</float_array><technique_common><accessor source="#L_Hair_Jnt_9-Matrix-animation-input-array" count="2"><param name="TIME" type="float"/></accessor></technique_common></source><source id="L_Hair_Jnt_9-Matrix-animation-output-transform"><float_array id="L_Hair_Jnt_9-Matrix-animation-output-transform-array" count="32">

0.979599 -0.192700 0.057037 0.128070 0.194249 0.980684 -0.022949 -0.000000 -0.051513 0.033560 0.998108 0.014657 0.000000 0.000000 0.000000 1.000000
0.979598 -0.192701 0.057036 0.128070 0.194251 0.980683 -0.022949 -0.000000 -0.051512 0.033560 0.998108 0.014657 0.000000 0.000000 0.000000 1.000000</float_array><technique_common><accessor source="#L_Hair_Jnt_9-Matrix-animation-output-transform-array" count="2" stride="16"><param type="float4x4"/></accessor></technique_common></source><source id="L_Hair_Jnt_9-Interpolations"><Name_array id="L_Hair_Jnt_9-Interpolations-array" count="2">
