<?xml version="1.0" encoding="utf-8"?>
<COLLADA xmlns="http://www.collada.org/2005/11/COLLADASchema" version="1.4.1">
  <asset><contributor><author></author><authoring_tool>FBX COLLADA exporter</authoring_tool><comments></comments></contributor><created>2013-12-22T22:48:17Z</created><keywords></keywords><modified>2013-12-22T22:48:17Z</modified><revision></revision><subject></subject><title></title><unit meter="0.010000" name="centimeter"></unit><up_axis>Y_UP</up_axis></asset>
  <library_animations>
    <animation id="Pelvis-anim" name="Pelvis"><animation><source id="Pelvis-Matrix-animation-input"><float_array id="Pelvis-Matrix-animation-input-array" count="31">

0.000000 0.041667 0.083333 0.125000 0.166667 0.208333 0.250000 0.291667 0.333333 0.375000 0.416667 0.458333 0.500000 0.541667 0.583333 0.625000
0.666667 0.708333 0.750000 0.791667 0.833333 0.875000 0.916667 0.958333 1.000000 1.041667 1.083333 1.125000 1.166667 1.208333 1.250000</float_array><technique_common><accessor source="#Pelvis-Matrix-animation-input-array" count="31"><param name="TIME" type="float"/></accessor></technique_common></source><source id="Pelvis-Matrix-animation-output-transform"><float_array id="Pelvis-Matrix-animation-output-transform-array" count="496">

0.991001 0.032908 0.129746 0.000000 -0.031180 0.999396 -0.015330 2.300918 -0.130172 0.011147 0.991429 -0.084193 0.000000 0.000000 0.000000 1.000000
0.991001 0.033769 0.129525 0.000000 -0.027620 0.998418 -0.048982 2.358872 -0.130974 0.044964 0.990366 -0.013568 0.000000 0.000000 0.000000 1.000000
0.991001 0.036184 0.128871 0.000000 -0.017329 0.989348 -0.144532 2.512568 -0.132728 0.140998 0.981072 0.188835 0.000000 0.000000 0.000000 1.000000
0.991001 0.039891 0.127772 0.000000 -0.000899 0.956523 -0.291655 2.721546 -0.133851 0.288916 0.947951 0.506564 0.000000 0.000000 0.000000 1.000000
0.991001 0.044619 0.126199 0.000000 0.020772 0.880121 -0.474295 2.937472 -0.132233 0.472649 0.871274 0.916283 0.000000 0.000000 0.000000 1.000000
0.991001 0.050091 0.124128 0.000000 0.046165 0.742535 -0.668215 3.112115 -0.125641 0.667932 0.733540 1.383692 0.000000 0.000000 0.000000 1.000000
0.991001 0.056032 0.121562 0.000000 0.072968 0.535226 -0.841551 3.206179 -0.112217 0.842848 0.526321 1.862432 0.000000 0.000000 0.000000 1.000000
0.991001 0.062171 0.118540 0.000000 0.098178 0.264343 -0.959418 3.197612 -0.090984 0.962423 0.255861 2.297493 0.000000 0.000000 0.000000 1.000000
0.991001 0.068255 0.115144 0.000000 0.118497 -0.047290 -0.991828 3.087083 -0.062252 0.996546 -0.054952 2.633227 0.000000 0.000000 0.000000 1.000000
0.991001 0.074051 0.111505 0.000000 0.130944 -0.363543 -0.922329 2.898266 -0.027762 0.928630 -0.369968 2.824176 0.000000 0.000000 0.000000 1.000000
0.991001 0.079353 0.107796 0.000000 0.133514 -0.643413 -0.753786 2.671841 0.009542 0.761395 -0.648217 2.845475 0.000000 0.000000 0.000000 1.000000
0.991001 0.083988 0.104225 0.000000 0.125673 -0.851852 -0.508482 2.454258 0.046078 0.517004 -0.854742 2.699192 0.000000 0.000000 0.000000 1.000000
0.991001 0.087809 0.101027 0.000000 0.108499 -0.968969 -0.222097 2.284373 0.078390 0.231059 -0.969777 2.414128 0.000000 0.000000 0.000000 1.000000
0.991001 0.090691 0.098449 0.000000 0.084416 -0.994233 0.066136 2.182010 0.103879 -0.057230 -0.992942 2.038941 0.000000 0.000000 0.000000 1.000000
0.991001 0.092515 0.096737 0.000000 0.056630 -0.944617 0.323251 2.141783 0.121285 -0.314864 -0.941356 1.630874 0.000000 0.000000 0.000000 1.000000
0.991001 0.093155 0.096120 0.000000 0.028439 -0.848233 0.528858 2.133504 0.130798 -0.521366 -0.843249 1.243822 0.000000 0.000000 0.000000 1.000000
0.991001 0.092515 0.096737 0.000000 -0.001085 -0.717125 0.696943 2.125690 0.133850 -0.690776 -0.710572 0.856205 0.000000 0.000000 0.000000 1.000000
0.991001 0.090691 0.098449 0.000000 -0.033397 -0.544709 0.837960 2.147591 0.129621 -0.833707 -0.536778 0.445211 0.000000 0.000000 0.000000 1.000000
0.991001 0.087809 0.101027 0.000000 -0.065645 -0.338938 0.938516 2.229916 0.116652 -0.936702 -0.330123 0.062800 0.000000 0.000000 0.000000 1.000000
0.991001 0.083988 0.104225 0.000000 -0.094499 -0.112475 0.989151 2.379568 0.094800 -0.990099 -0.103526 -0.235467 0.000000 0.000000 0.000000 1.000000
0.991001 0.079353 0.107796 0.000000 -0.116793 0.119170 0.985981 2.579128 0.065395 -0.989698 0.127365 -0.401784 0.000000 0.000000 0.000000 1.000000
0.991001 0.074051 0.111506 0.000000 -0.130205 0.340091 0.931335 2.792529 0.031044 -0.937472 0.346672 -0.406912 0.000000 0.000000 0.000000 1.000000
0.991001 0.068255 0.115144 0.000000 -0.133765 0.536490 0.833238 2.975733 -0.004901 -0.841142 0.540792 -0.246934 0.000000 0.000000 0.000000 1.000000
0.991001 0.062171 0.118540 0.000000 -0.128030 0.698662 0.703904 3.089345 -0.039057 -0.712746 0.700334 0.056202 0.000000 0.000000 0.000000 1.000000
0.991001 0.056032 0.121562 0.000000 -0.114888 0.822077 0.557665 3.109397 -0.068687 -0.566613 0.821116 0.460302 0.000000 0.000000 0.000000 1.000000
0.991001 0.050091 0.124128 0.000000 -0.097081 0.907409 0.408882 3.033356 -0.092154 -0.417253 0.904106 0.912494 0.000000 0.000000 0.000000 1.000000
0.991001 0.044619 0.126199 0.000000 -0.077626 0.959646 0.270283 2.880286 -0.109047 -0.277647 0.954474 1.359432 0.000000 0.000000 0.000000 1.000000
0.991001 0.039891 0.127772 0.000000 -0.059317 0.986592 0.152048 2.686037 -0.119993 -0.158259 0.980079 1.755069 0.000000 0.000000 0.000000 1.000000
0.991001 0.036184 0.128871 0.000000 -0.044428 0.997107 0.061682 2.495534 -0.126266 -0.066852 0.989741 2.064298 0.000000 0.000000 0.000000 1.000000
0.991001 0.033769 0.129525 0.000000 -0.034647 0.999389 0.004532 2.354360 -0.129293 -0.008979 0.991566 2.262409 0.000000 0.000000 0.000000 1.000000
0.991001 0.032908 0.129746 0.000000 -0.031180 0.999396 -0.015330 2.300918 -0.130172 0.011147 0.991429 2.331742 0.000000 0.000000 0.000000 1.000000</float_array><technique_common><accessor source="#Pelvis-Matrix-animation-output-transform-array" count="31" stride="16"><param type="float4x4"/></accessor></technique_common></source><source id="Pelvis-Interpolations"><Name_array id="Pelvis-Interpolations-array" count="31">
 LINEAR LINEAR LINEAR LINEAR LINEAR LINEAR LINEAR LINEAR LINEAR LINEAR LINEAR
LINEAR LINEAR LINEAR LINEAR LINEAR LINEAR LINEAR LINEAR LINEAR LINEAR LINEAR LINEAR
LINEAR LINEAR LINEAR LINEAR LINEAR LINEAR LINEAR LINEAR</Name_array><technique_common><accessor source="#Pelvis-Interpolations-array" count="31"><param type="name"/></accessor></technique_common></source><sampler id="Pelvis-Matrix-animation-transform"><input semantic="INPUT" source="#Pelvis-Matrix-animation-input"/><input semantic="OUTPUT" source="#Pelvis-Matrix-animation-output-transform"/><input semantic="INTERPOLATION" source="#Pelvis-Interpolations"/></sampler><channel source="#Pelvis-Matrix-animation-transform" target="Pelvis/matrix"/></animation></animation>
    <animation id="Spine_01-anim" name="Spine_01"><animation><source id="Spine_01-Matrix-animation-input"><float_array id="Spine_01-Matrix-animation-input-array" count="31">

0.000000 0.041667 0.083333 0.125000 0.166667 0.208333 0.250000 0.291667 0.333333 0.375000 0.416667 0.458333 0.500000 0.541667 0.583333 0.625000
0.666667 0.708333 0.750000 0.791667 0.833333 0.875000 0.916667 0.958333 1.000000 1.041667 1.083333 1.125000 1.166667 1.208333 1.250000</float_array><technique_common><accessor source="#Spine_01-Matrix-animation-input-array" count="31"><param name="TIME" type="float"/></accessor></technique_common></source><source id="Spine_01-Matrix-animation-output-transform"><float_array id="Spine_01-Matrix-animation-output-transform-array" count="496">

0.000000 -0.000000 1.000000 0.000000 0.997390 0.072196 -0.000000 0.211260 -0.072196 0.997390 0.000000 0.059226 0.000000 0.000000 0.000000 1.000000
0.000000 -0.000000 1.000000 0.000000 0.997606 0.069160 -0.000000 0.211260 -0.069160 0.997606 0.000000 0.059226 0.000000 0.000000 0.000000 1.000000
0.000000 -0.000000 1.000000 -0.000000 0.998161 0.060616 -0.000000 0.211260 -0.060616 0.998161 0.000000 0.059226 0.000000 0.000000 0.000000 1.000000
0.000000 -0.000000 1.000000 0.000000 0.998876 0.047401 -0.000000 0.211260 -0.047401 0.998876 0.000000 0.059226 0.000000 0.000000 0.000000 1.000000
0.000000 -0.000000 1.000000 0.000000 0.999539 0.030359 -0.000000 0.211260 -0.030359 0.999539 0.000000 0.059226 0.000000 0.000000 0.000000 1.000000
0.000000 -0.000000 1.000000 -0.000000 0.999947 0.010336 -0.000000 0.211260 -0.010336 0.999947 0.000000 0.059226 0.000000 0.000000 0.000000 1.000000
0.000000 -0.000000 1.000000 0.000000 0.999930 -0.011814 -0.000000 0.211260 0.011814 0.999930 0.000000 0.059226 0.000000 0.000000 0.000000 1.000000
0.000000 -0.000000 1.000000 0.000000 0.999379 -0.035231 -0.000000 0.211260 0.035231 0.999379 0.000000 0.059226 0.000000 0.000000 0.000000 1.000000
0.000000 -0.000000 1.000000 -0.000000 0.998255 -0.059053 -0.000000 0.211260 0.059053 0.998255 0.000000 0.059226 0.000000 0.000000 0.000000 1.000000
0.000000 -0.000000 1.000000 0.000000 0.996598 -0.082418 -0.000000 0.211260 0.082418 0.996598 0.000000 0.059226 0.000000 0.000000 0.000000 1.000000
0.000000 -0.000000 1.000000 0.000000 0.994528 -0.104472 -0.000000 0.211260 0.104472 0.994528 0.000000 0.059226 0.000000 0.000000 0.000000 1.000000
0.000000 -0.000000 1.000000 0.000000 0.992236 -0.124367 -0.000000 0.211260 0.124367 0.992236 0.000000 0.059226 0.000000 0.000000 0.000000 1.000000
0.000000 -0.000000 1.000000 0.000000 0.989971 -0.141271 -0.000000 0.211260 0.141271 0.989971 0.000000 0.059226 0.000000 0.000000 0.000000 1.000000
0.000000 -0.000000 1.000000 0.000000 0.988015 -0.154359 -0.000000 0.211260 0.154359 0.988015 0.000000 0.059226 0.000000 0.000000 0.000000 1.000000
0.000000 -0.000000 1.000000 -0.000000 0.986657 -0.162814 -0.000000 0.211260 0.162814 0.986657 0.000000 0.059226 0.000000 0.000000 0.000000 1.000000
0.000000 -0.000000 1.000000 -0.000000 0.986157 -0.165816 -0.000000 0.211260 0.165816 0.986157 0.000000 0.059226 0.000000 0.000000 0.000000 1.000000
0.000000 -0.000000 1.000000 0.000000 0.986657 -0.162814 -0.000000 0.211260 0.162814 0.986657 0.000000 0.059226 0.000000 0.000000 0.000000 1.000000
0.000000 -0.000000 1.000000 -0.000000 0.988015 -0.154359 -0.000000 0.211260 0.154359 0.988015 0.000000 0.059226 0.000000 0.000000 0.000000 1.000000
0.000000 -0.000000 1.000000 0.000000 0.989971 -0.141271 -0.000000 0.211260 0.141271 0.989971 0.000000 0.059226 0.000000 0.000000 0.000000 1.000000
0.000000 -0.000000 1.000000 -0.000000 0.992236 -0.124367 -0.000000 0.211260 0.124367 0.992236 0.000000 0.059226 0.000000 0.000000 0.000000 1.000000
0.000000 -0.000000 1.000000 0.000000 0.994528 -0.104472 -0.000000 0.211260 0.104472 0.994528 0.000000 0.059226 0.000000 0.000000 0.000000 1.000000
0.000000 -0.000000 1.000000 0.000000 0.996598 -0.082418 -0.000000 0.211260 0.082418 0.996598 0.000000 0.059226 0.000000 0.000000 0.000000 1.000000
0.000000 -0.000000 1.000000 -0.000000 0.998255 -0.059053 -0.000000 0.211260 0.059053 0.998255 0.000000 0.059226 0.000000 0.000000 0.000000 1.000000
0.000000 -0.000000 1.000000 -0.000000 0.999379 -0.035231 -0.000000 0.211260 0.035231 0.999379 0.000000 0.059226 0.000000 0.000000 0.000000 1.000000
0.000000 -0.000000 1.000000 0.000000 0.999930 -0.011814 -0.000000 0.211260 0.011814 0.999930 0.000000 0.059226 0.000000 0.000000 0.000000 1.000000
0.000000 -0.000000 1.000000 0.000000 0.999947 0.010336 -0.000000 0.211260 -0.010336 0.999947 0.000000 0.059226 0.000000 0.000000 0.000000 1.000000
0.000000 -0.000000 1.000000 0.000000 0.999539 0.030359 -0.000000 0.211260 -0.030359 0.999539 0.000000 0.059226 0.000000 0.000000 0.000000 1.000000
0.000000 -0.000000 1.000000 0.000000 0.998876 0.047401 -0.000000 0.211260 -0.047401 0.998876 0.000000 0.059226 0.000000 0.000000 0.000000 1.000000
0.000000 -0.000000 1.000000 0.000000 0.998161 0.060616 -0.000000 0.211260 -0.060616 0.998161 0.000000 0.059226 0.000000 0.000000 0.000000 1.000000
0.000000 -0.000000 1.000000 0.000000 0.997606 0.069160 -0.000000 0.211260 -0.069160 0.997606 0.000000 0.059226 0.000000 0.000000 0.000000 1.000000
0.000000 -0.000000 1.000000 0.000000 0.997390 0.072196 -0.000000 0.211260 -0.072196 0.997390 0.000000 0.059226 0.000000 0.000000 0.000000 1.000000</float_array><technique_common><accessor source="#Spine_01-Matrix-animation-output-transform-array" count="31" stride="16"><param type="float4x4"/></accessor></technique_common></source><source id="Spine_01-Interpolations"><Name_array id="Spine_01-Interpolations-array" count="31">
 LINEAR LINEAR LINEAR LINEAR LINEAR LINEAR LINEAR LINEAR LINEAR LINEAR LINEAR
LINEAR LINEAR LINEAR LINEAR LINEAR LINEAR LINEAR LINEAR LINEAR LINEAR LINEAR LINEAR
LINEAR LINEAR LINEAR LINEAR LINEAR LINEAR LINEAR LINEAR</Name_array><technique_common><accessor source="#Spine_01-Interpolations-array" count="31"><param type="name"/></accessor></technique_common></source><sampler id="Spine_01-Matrix-animation-transform"><input semantic="INPUT" source="#Spine_01-Matrix-animation-input"/><input semantic="OUTPUT" source="#Spine_01-Matrix-animation-output-transform"/><input semantic="INTERPOLATION" source="#Spine_01-Interpolations"/></sampler><channel source="#Spine_01-Matrix-animation-transform" target="Spine_01/matrix"/></animation></animation>
    <animation id="Spine_02-anim" name="Spine_02"><animation><source id="Spine_02-Matrix-animation-input"><float_array id="Spine_02-Matrix-animation-input-array" count="31">

0.000000 0.041667 0.083333 0.125000 0.166667 0.208333 0.250000 0.291667 0.333333 0.375000 0.416667 0.458333 0.500000 0.541667 0.583333 0.625000
0.666667 0.708333 0.750000 0.791667 0.833333 0.875000 0.916667 0.958333 1.000000 1.041667 1.083333 1.125000 1.166667 1.208333 1.250000</float_array><technique_common><accessor source="#Spine_02-Matrix-animation-input-array" count="31"><param name="TIME" type="float"/></accessor></technique_common></source><source id="Spine_02-Matrix-animation-output-transform"><float_array id="Spine_02-Matrix-animation-output-transform-array" count="496">

0.976719 0.214524 0.000000 0.204170 -0.214524 0.976719 0.000000 -0.000000 -0.000000 -0.000000 1.000000 -0.000000 0.000000 0.000000 0.000000 1.000000
0.976719 0.214524 0.000000 0.204170 -0.214524 0.976719 0.000000 -0.000000 -0.000000 -0.000000 1.000000 -0.000000 0.000000 0.000000 0.000000 1.000000
0.976719 0.214524 -0.000000 0.204170 -0.214524 0.976719 0.000000 0.000000 0.000000 -0.000000 1.000000 -0.000000 0.000000 0.000000 0.000000 1.000000
0.976719 0.214524 0.000000 0.204170 -0.214524 0.976719 0.000000 0.000000 -0.000000 -0.000000 1.000000 -0.000000 0.000000 0.000000 0.000000 1.000000
0.976719 0.214524 -0.000000 0.204170 -0.214524 0.976719 0.000000 0.000000 0.000000 -0.000000 1.000000 0.000000 0.000000 0.000000 0.000000 1.000000
0.976719 0.214524 0.000000 0.204170 -0.214524 0.976719 0.000000 -0.000000 -0.000000 -0.000000 1.000000 -0.000000 0.000000 0.000000 0.000000 1.000000
0.976719 0.214524 -0.000000 0.204170 -0.214524 0.976719 0.000000 0.000000 0.000000 -0.000000 1.000000 -0.000000 0.000000 0.000000 0.000000 1.000000
0.976719 0.214524 -0.000000 0.204170 -0.214524 0.976719 0.000000 -0.000000 0.000000 -0.000000 1.000000 -0.000000 0.000000 0.000000 0.000000 1.000000
0.976719 0.214524 0.000000 0.204170 -0.214524 0.976719 0.000000 0.000000 -0.000000 -0.000000 1.000000 -0.000000 0.000000 0.000000 0.000000 1.000000
0.976719 0.214524 -0.000000 0.204170 -0.214524 0.976719 0.000000 -0.000000 0.000000 -0.000000 1.000000 -0.000000 0.000000 0.000000 0.000000 1.000000
0.976719 0.214524 0.000000 0.204170 -0.214524 0.976719 0.000000 0.000000 -0.000000 -0.000000 1.000000 -0.000000 0.000000 0.000000 0.000000 1.000000
0.976719 0.214524 -0.000000 0.204170 -0.214524 0.976719 0.000000 -0.000000 0.000000 -0.000000 1.000000 0.000000 0.000000 0.000000 0.000000 1.000000
0.976719 0.214524 -0.000000 0.204170 -0.214524 0.976719 0.000000 0.000000 0.000000 -0.000000 1.000000 0.000000 0.000000 0.000000 0.000000 1.000000
0.976719 0.214524 0.000000 0.204170 -0.214524 0.976719 0.000000 -0.000000 -0.000000 -0.000000 1.000000 -0.000000 0.000000 0.000000 0.000000 1.000000
0.976719 0.214524 -0.000000 0.204170 -0.214524 0.976719 0.000000 0.000000 0.000000 -0.000000 1.000000 0.000000 0.000000 0.000000 0.000000 1.000000
0.976719 0.214524 0.000000 0.204170 -0.214524 0.976719 0.000000 0.000000 -0.000000 -0.000000 1.000000 0.000000 0.000000 0.000000 0.000000 1.000000
0.976719 0.214524 -0.000000 0.204170 -0.214524 0.976719 0.000000 0.000000 0.000000 -0.000000 1.000000 -0.000000 0.000000 0.000000 0.000000 1.000000
0.976719 0.214524 0.000000 0.204170 -0.214524 0.976719 0.000000 -0.000000 -0.000000 -0.000000 1.000000 0.000000 0.000000 0.000000 0.000000 1.000000
0.976719 0.214524 0.000000 0.204170 -0.214524 0.976719 0.000000 0.000000 -0.000000 -0.000000 1.000000 0.000000 0.000000 0.000000 0.000000 1.000000
0.976719 0.214524 -0.000000 0.204170 -0.214524 0.976719 0.000000 0.000000 0.000000 -0.000000 1.000000 0.000000 0.000000 0.000000 0.000000 1.000000
0.976719 0.214524 -0.000000 0.204170 -0.214524 0.976719 0.000000 0.000000 0.000000 -0.000000 1.000000 -0.000000 0.000000 0.000000 0.000000 1.000000
0.976719 0.214524 0.000000 0.204170 -0.214524 0.976719 0.000000 -0.000000 -0.000000 -0.000000 1.000000 -0.000000 0.000000 0.000000 0.000000 1.000000
0.976719 0.214524 0.000000 0.204170 -0.214524 0.976719 0.000000 0.000000 -0.000000 -0.000000 1.000000 0.000000 0.000000 0.000000 0.000000 1.000000
0.976719 0.214524 0.000000 0.204170 -0.214524 0.976719 0.000000 0.000000 -0.000000 -0.000000 1.000000 0.000000 0.000000 0.000000 0.000000 1.000000
0.976719 0.214524 0.000000 0.204170 -0.214524 0.976719 0.000000 0.000000 -0.000000 -0.000000 1.000000 -0.000000 0.000000 0.000000 0.000000 1.000000
0.976719 0.214524 0.000000 0.204170 -0.214524 0.976719 0.000000 0.000000 -0.000000 -0.000000 1.000000 0.000000 0.000000 0.000000 0.000000 1.000000
0.976719 0.214524 0.000000 0.204170 -0.214524 0.976719 0.000000 -0.000000 -0.000000 -0.000000 1.000000 -0.000000 0.000000 0.000000 0.000000 1.000000
0.976719 0.214524 0.000000 0.204170 -0.214524 0.976719 0.000000 0.000000 -0.000000 -0.000000 1.000000 0.000000 0.000000 0.000000 0.000000 1.000000
0.976719 0.214524 -0.000000 0.204170 -0.214524 0.976719 0.000000 -0.000000 0.000000 -0.000000 1.000000 -0.000000 0.000000 0.000000 0.000000 1.000000
0.976719 0.214524 0.000000 0.204170 -0.214524 0.976719 0.000000 0.000000 -0.000000 -0.000000 1.000000 0.000000 0.000000 0.000000 0.000000 1.000000
0.976719 0.214524 0.000000 0.204170 -0.214524 0.976719 0.000000 0.000000 -0.000000 -0.000000 1.000000 -0.000000 0.000000 0.000000 0.000000 1.000000</float_array><technique_common><accessor source="#Spine_02-Matrix-animation-output-transform-array" count="31" stride="16"><param type="float4x4"/></accessor></technique_common></source><source id="Spine_02-Interpolations"><Name_array id="Spine_02-Interpolations-array" count="31">
 LINEAR LINEAR LINEAR LINEAR LINEAR LINEAR LINEAR LINEAR LINEAR LINEAR LINEAR
LINEAR LINEAR LINEAR LINEAR LINEAR LINEAR LINEAR LINEAR LINEAR LINEAR LINEAR LINEAR
LINEAR LINEAR LINEAR LINEAR LINEAR LINEAR LINEAR LINEAR</Name_array><technique_common><accessor source="#Spine_02-Interpolations-array" count="31"><param type="name"/></accessor></technique_common></source><sampler id="Spine_02-Matrix-animation-transform"><input semantic="INPUT" source="#Spine_02-Matrix-animation-input"/><input semantic="OUTPUT" source="#Spine_02-Matrix-animation-output-transform"/><input semantic="INTERPOLATION" source="#Spine_02-Interpolations"/></sampler><channel source="#Spine_02-Matrix-animation-transform" target="Spine_02/matrix"/></animation></animation>
    <animation id="Spine_03-anim" name="Spine_03"><animation><source id="Spine_03-Matrix-animation-input"><float_array id="Spine_03-Matrix-animation-input-array" count="31">

0.000000 0.041667 0.083333 0.125000 0.166667 0.208333 0.250000 0.291667 0.333333 0.375000 0.416667 0.458333 0.500000 0.541667 0.583333 0.625000
0.666667 0.708333 0.750000 0.791667 0.833333 0.875000 0.916667 0.958333 1.000000 1.041667 1.083333 1.125000 1.166667 1.208333 1.250000</float_array><technique_common><accessor source="#Spine_03-Matrix-animation-input-array" count="31"><param name="TIME" type="float"/></accessor></technique_common></source><source id="Spine_03-Matrix-animation-output-transform"><float_array id="Spine_03-Matrix-animation-output-transform-array" count="496">

0.967759 0.251309 0.016892 0.299514 0.251271 -0.967907 0.004386 0.000000 0.017452 0.000000 -0.999848 -0.000000 0.000000 0.000000 0.000000 1.000000
0.967254 0.253249 0.016883 0.299514 0.253211 -0.967401 0.004420 0.000000 0.017452 0.000000 -0.999848 -0.000000 0.000000 0.000000 0.000000 1.000000
0.965810 0.258703 0.016858 0.299514 0.258664 -0.965957 0.004515 0.000000 0.017452 0.000000 -0.999848 -0.000000 0.000000 0.000000 0.000000 1.000000
0.963518 0.267115 0.016818 0.299514 0.267074 -0.963665 0.004662 0.000000 0.017452 0.000000 -0.999848 -0.000000 0.000000 0.000000 0.000000 1.000000
0.960456 0.277926 0.016765 0.299514 0.277884 -0.960603 0.004850 0.000000 0.017452 0.000000 -0.999848 -0.000000 0.000000 0.000000 0.000000 1.000000
0.956706 0.290576 0.016699 0.299514 0.290532 -0.956852 0.005071 0.000000 0.017452 0.000000 -0.999848 -0.000000 0.000000 0.000000 0.000000 1.000000
0.952365 0.304508 0.016624 0.299514 0.304462 -0.952510 0.005314 -0.000000 0.017452 0.000000 -0.999848 -0.000000 0.000000 0.000000 0.000000 1.000000
0.947553 0.319171 0.016540 0.299514 0.319122 -0.947697 0.005570 0.000000 0.017452 0.000000 -0.999848 0.000000 0.000000 0.000000 0.000000 1.000000
0.942422 0.334022 0.016450 0.299514 0.333971 -0.942565 0.005829 -0.000000 0.017452 0.000000 -0.999848 -0.000000 0.000000 0.000000 0.000000 1.000000
0.937156 0.348527 0.016358 0.299514 0.348474 -0.937299 0.006083 0.000000 0.017452 0.000000 -0.999848 -0.000000 0.000000 0.000000 0.000000 1.000000
0.931971 0.362168 0.016268 0.299514 0.362113 -0.932113 0.006321 0.000000 0.017452 0.000000 -0.999848 -0.000000 0.000000 0.000000 0.000000 1.000000
0.927112 0.374435 0.016183 0.299514 0.374378 -0.927253 0.006535 0.000000 0.017452 0.000000 -0.999848 -0.000000 0.000000 0.000000 0.000000 1.000000
0.922847 0.384830 0.016108 0.299514 0.384772 -0.922987 0.006716 0.000000 0.017452 0.000000 -0.999848 -0.000000 0.000000 0.000000 0.000000 1.000000
0.919457 0.392863 0.016049 0.299514 0.392803 -0.919597 0.006856 0.000000 0.017452 0.000000 -0.999848 0.000000 0.000000 0.000000 0.000000 1.000000
0.917226 0.398044 0.016010 0.299514 0.397984 -0.917366 0.006947 0.000000 0.017452 0.000000 -0.999848 -0.000000 0.000000 0.000000 0.000000 1.000000
0.916427 0.399883 0.015996 0.299514 0.399822 -0.916566 0.006979 -0.000000 0.017452 0.000000 -0.999848 -0.000000 0.000000 0.000000 0.000000 1.000000
0.917226 0.398044 0.016010 0.299514 0.397984 -0.917366 0.006947 0.000000 0.017452 0.000000 -0.999848 0.000000 0.000000 0.000000 0.000000 1.000000
0.919457 0.392863 0.016049 0.299514 0.392803 -0.919597 0.006856 0.000000 0.017452 0.000000 -0.999848 -0.000000 0.000000 0.000000 0.000000 1.000000
0.922847 0.384830 0.016108 0.299514 0.384772 -0.922987 0.006716 0.000000 0.017452 0.000000 -0.999848 0.000000 0.000000 0.000000 0.000000 1.000000
0.927112 0.374435 0.016183 0.299514 0.374378 -0.927253 0.006535 0.000000 0.017452 0.000000 -0.999848 -0.000000 0.000000 0.000000 0.000000 1.000000
0.931971 0.362168 0.016268 0.299514 0.362113 -0.932113 0.006321 -0.000000 0.017452 0.000000 -0.999848 -0.000000 0.000000 0.000000 0.000000 1.000000
0.937156 0.348527 0.016358 0.299514 0.348474 -0.937299 0.006083 0.000000 0.017452 0.000000 -0.999848 -0.000000 0.000000 0.000000 0.000000 1.000000
0.942422 0.334022 0.016450 0.299514 0.333971 -0.942565 0.005829 0.000000 0.017452 0.000000 -0.999848 0.000000 0.000000 0.000000 0.000000 1.000000
0.947553 0.319171 0.016540 0.299514 0.319122 -0.947697 0.005570 0.000000 0.017452 0.000000 -0.999848 -0.000000 0.000000 0.000000 0.000000 1.000000
0.952365 0.304508 0.016624 0.299514 0.304462 -0.952510 0.005314 0.000000 0.017452 0.000000 -0.999848 -0.000000 0.000000 0.000000 0.000000 1.000000
0.956706 0.290576 0.016699 0.299514 0.290532 -0.956852 0.005071 -0.000000 0.017452 0.000000 -0.999848 -0.000000 0.000000 0.000000 0.000000 1.000000
0.960456 0.277926 0.016765 0.299514 0.277884 -0.960603 0.004850 0.000000 0.017452 0.000000 -0.999848 -0.000000 0.000000 0.000000 0.000000 1.000000
0.963518 0.267115 0.016818 0.299514 0.267074 -0.963665 0.004662 0.000000 0.017452 0.000000 -0.999848 -0.000000 0.000000 0.000000 0.000000 1.000000
0.965810 0.258703 0.016858 0.299514 0.258664 -0.965957 0.004515 0.000000 0.017452 0.000000 -0.999848 0.000000 0.000000 0.000000 0.000000 1.000000
0.967254 0.253249 0.016883 0.299514 0.253211 -0.967401 0.004420 0.000000 0.017452 0.000000 -0.999848 -0.000000 0.000000 0.000000 0.000000 1.000000
0.967759 0.251309 0.016892 0.299514 0.251271 -0.967907 0.004386 -0.000000 0.017452 0.000000 -0.999848 -0.000000 0.000000 0.000000 0.000000 1.000000</float_array><technique_common><accessor source="#Spine_03-Matrix-animation-output-transform-array" count="31" stride="16"><param type="float4x4"/></accessor></technique_common></source><source id="Spine_03-Interpolations"><Name_array id="Spine_03-Interpolations-array" count="31">
 LINEAR LINEAR LINEAR LINEAR LINEAR LINEAR LINEAR LINEAR LINEAR LINEAR LINEAR
LINEAR LINEAR LINEAR LINEAR LINEAR LINEAR LINEAR LINEAR LINEAR LINEAR LINEAR LINEAR
LINEAR LINEAR LINEAR LINEAR LINEAR LINEAR LINEAR LINEAR</Name_array><technique_common><accessor source="#Spine_03-Interpolations-array" count="31"><param type="name"/></accessor></technique_common></source><sampler id="Spine_03-Matrix-animation-transform"><input semantic="INPUT" source="#Spine_03-Matrix-animation-input"/><input semantic="OUTPUT" source="#Spine_03-Matrix-animation-output-transform"/><input semantic="INTERPOLATION" source="#Spine_03-Interpolations"/></sampler><channel source="#Spine_03-Matrix-animation-transform" target="Spine_03/matrix"/></animation></animation>
    <animation id="Head-anim" name="Head"><animation><source id="Head-Matrix-animation-input"><float_array id="Head-Matrix-animation-input-array" count="31">

0.000000 0.041667 0.083333 0.125000 0.166667 0.208333 0.250000 0.291667 0.333333 0.375000 0.416667 0.458333 0.500000 0.541667 0.583333 0.625000
0.666667 0.708333 0.750000 0.791667 0.833333 0.875000 0.916667 0.958333 1.000000 1.041667 1.083333 1.125000 1.166667 1.208333 1.250000</float_array><technique_common><accessor source="#Head-Matrix-animation-input-array" count="31"><param name="TIME" type="float"/></accessor></technique_common></source><source id="Head-Matrix-animation-output-transform"><float_array id="Head-Matrix-animation-output-transform-array" count="496">

0.993873 -0.110524 -0.000000 0.133559 0.110524 0.993873 0.000000 0.000000 0.000000 -0.000000 1.000000 0.000000 0.000000 0.000000 0.000000 1.000000
0.994479 -0.104936 0.000009 0.133559 0.104936 0.994479 0.000179 0.000000 -0.000028 -0.000177 1.000000 0.000000 0.000000 0.000000 0.000000 1.000000
0.996014 -0.089193 0.000042 0.133559 0.089192 0.996014 0.000681 0.000000 -0.000102 -0.000675 1.000000 0.000000 0.000000 0.000000 0.000000 1.000000
0.997897 -0.064820 0.000107 0.133559 0.064820 0.997896 0.001457 -0.000000 -0.000201 -0.001447 0.999999 0.000000 0.000000 0.000000 0.000000 1.000000
0.999444 -0.033354 0.000219 0.133559 0.033353 0.999441 0.002453 0.000000 -0.000301 -0.002445 0.999997 0.000000 0.000000 0.000000 0.000000 1.000000
0.999993 0.003635 0.000390 0.133559 -0.003636 0.999987 0.003618 0.000000 -0.000377 -0.003620 0.999993 0.000000 0.000000 0.000000 0.000000 1.000000
0.999008 0.044537 0.000630 0.133559 -0.044540 0.998996 0.004899 0.000000 -0.000411 -0.004922 0.999988 0.000000 0.000000 0.000000 0.000000 1.000000
0.996146 0.087709 0.000941 0.133559 -0.087713 0.996126 0.006241 0.000000 -0.000390 -0.006299 0.999980 0.000000 0.000000 0.000000 0.000000 1.000000
0.991316 0.131493 0.001316 0.133559 -0.131499 0.991287 0.007592 0.000000 -0.000306 -0.007699 0.999970 0.000000 0.000000 0.000000 0.000000 1.000000
0.984700 0.174249 0.001742 0.133559 -0.174258 0.984660 0.008901 0.000000 -0.000164 -0.009069 0.999959 0.000000 0.000000 0.000000 0.000000 1.000000
0.976748 0.214381 0.002197 0.133559 -0.214393 0.976695 0.010122 0.000000 0.000024 -0.010358 0.999946 0.000000 0.000000 0.000000 0.000000 1.000000
0.968149 0.250359 0.002650 0.133559 -0.250373 0.968085 0.011209 0.000000 0.000240 -0.011515 0.999934 0.000000 0.000000 0.000000 0.000000 1.000000
0.959782 0.280729 0.003068 0.133559 -0.280745 0.959706 0.012120 0.000000 0.000458 -0.012494 0.999922 0.000000 0.000000 0.000000 0.000000 1.000000
0.952633 0.304103 0.003412 0.133559 -0.304121 0.952547 0.012818 0.000000 0.000648 -0.013249 0.999912 0.000000 0.000000 0.000000 0.000000 1.000000
0.947704 0.319131 0.003644 0.133559 -0.319151 0.947611 0.013265 0.000000 0.000780 -0.013734 0.999905 0.000000 0.000000 0.000000 0.000000 1.000000
0.945895 0.324453 0.003728 0.133559 -0.324473 0.945800 0.013423 0.000000 0.000829 -0.013907 0.999903 -0.000000 0.000000 0.000000 0.000000 1.000000
0.947704 0.319131 0.003644 0.133559 -0.319151 0.947611 0.013265 0.000000 0.000780 -0.013734 0.999905 0.000000 0.000000 0.000000 0.000000 1.000000
0.952633 0.304103 0.003412 0.133559 -0.304121 0.952547 0.012818 0.000000 0.000648 -0.013249 0.999912 0.000000 0.000000 0.000000 0.000000 1.000000
0.959782 0.280729 0.003068 0.133559 -0.280745 0.959706 0.012120 -0.000000 0.000458 -0.012494 0.999922 0.000000 0.000000 0.000000 0.000000 1.000000
0.968149 0.250359 0.002650 0.133559 -0.250373 0.968085 0.011209 0.000000 0.000240 -0.011515 0.999934 0.000000 0.000000 0.000000 0.000000 1.000000
0.976748 0.214381 0.002197 0.133559 -0.214393 0.976695 0.010122 0.000000 0.000024 -0.010358 0.999946 0.000000 0.000000 0.000000 0.000000 1.000000
0.984700 0.174249 0.001742 0.133559 -0.174258 0.984660 0.008901 0.000000 -0.000164 -0.009069 0.999959 0.000000 0.000000 0.000000 0.000000 1.000000
0.991316 0.131493 0.001316 0.133559 -0.131499 0.991287 0.007592 0.000000 -0.000306 -0.007699 0.999970 0.000000 0.000000 0.000000 0.000000 1.000000
0.996146 0.087709 0.000941 0.133559 -0.087713 0.996126 0.006241 0.000000 -0.000390 -0.006299 0.999980 0.000000 0.000000 0.000000 0.000000 1.000000
0.999008 0.044537 0.000630 0.133559 -0.044540 0.998996 0.004899 0.000000 -0.000411 -0.004922 0.999988 0.000000 0.000000 0.000000 0.000000 1.000000
0.999993 0.003635 0.000390 0.133559 -0.003637 0.999987 0.003618 0.000000 -0.000377 -0.003620 0.999993 0.000000 0.000000 0.000000 0.000000 1.000000
0.999444 -0.033354 0.000219 0.133559 0.033353 0.999441 0.002453 0.000000 -0.000301 -0.002445 0.999997 0.000000 0.000000 0.000000 0.000000 1.000000
0.997897 -0.064820 0.000107 0.133559 0.064820 0.997896 0.001457 0.000000 -0.000201 -0.001447 0.999999 0.000000 0.000000 0.000000 0.000000 1.000000
0.996014 -0.089192 0.000042 0.133559 0.089192 0.996014 0.000681 0.000000 -0.000102 -0.000675 1.000000 0.000000 0.000000 0.000000 0.000000 1.000000
0.994479 -0.104936 0.000009 0.133559 0.104936 0.994479 0.000179 0.000000 -0.000028 -0.000177 1.000000 0.000000 0.000000 0.000000 0.000000 1.000000
0.993873 -0.110524 -0.000000 0.133559 0.110524 0.993873 0.000000 0.000000 0.000000 -0.000000 1.000000 0.000000 0.000000 0.000000 0.000000 1.000000</float_array><technique_common><accessor source="#Head-Matrix-animation-output-transform-array" count="31" stride="16"><param type="float4x4"/></accessor></technique_common></source><source id="Head-Interpolations"><Name_array id="Head-Interpolations-array" count="31">
 LINEAR LINEAR LINEAR LINEAR LINEAR LINEAR LINEAR LINEAR LINEAR LINEAR LINEAR
LINEAR LINEAR LINEAR LINEAR LINEAR LINEAR LINEAR LINEAR LINEAR LINEAR LINEAR LINEAR
LINEAR LINEAR LINEAR LINEAR LINEAR LINEAR LINEAR LINEAR</Name_array><technique_common><accessor source="#Head-Interpolations-array" count="31"><param type="name"/></accessor></technique_common></source><sampler id="Head-Matrix-animation-transform"><input semantic="INPUT" source="#Head-Matrix-animation-input"/><input semantic="OUTPUT" source="#Head-Matrix-animation-output-transform"/><input semantic="INTERPOLATION" source="#Head-Interpolations"/></sampler><channel source="#Head-Matrix-animation-transform" target="Head/matrix"/></animation></animation>
    <animation id="M_Hair_Jnt_0-anim" name="M_Hair_Jnt_0"><animation><source id="M_Hair_Jnt_0-Matrix-animation-input"><float_array id="M_Hair_Jnt_0-Matrix-animation-input-array" count="31">

0.000000 0.041667 0.083333 0.125000 0.166667 0.208333 0.250000 0.291667 0.333333 0.375000 0.416667 0.458333 0.500000 0.541667 0.583333 0.625000
0.666667 0.708333 0.750000 0.791667 0.833333 0.875000 0.916667 0.958333 1.000000 1.041667 1.083333 1.125000 1.166667 1.208333 1.250000</float_array><technique_common><accessor source="#M_Hair_Jnt_0-Matrix-animation-input-array" count="31"><param name="TIME" type="float"/></accessor></technique_common></source><source id="M_Hair_Jnt_0-Matrix-animation-output-transform"><float_array id="M_Hair_Jnt_0-Matrix-animation-output-transform-array" count="496">

-0.571578 0.820536 -0.004428 0.191574 0.807559 0.563478 0.174189 0.208364 0.145424 0.095987 -0.984702 -0.007597 0.000000 0.000000 0.000000 1.000000
-0.521153 0.853460 -0.002290 0.191574 0.840027 0.513421 0.175367 0.208364 0.150844 0.089469 -0.984501 -0.007597 0.000000 0.000000 0.000000 1.000000
-0.376671 0.926335 0.004750 0.191574 0.911799 0.369845 0.178432 0.208364 0.163531 0.071541 -0.983941 -0.007597 0.000000 0.000000 0.000000 1.000000
-0.144004 0.989358 0.020841 0.191574 0.973739 0.137915 0.181139 0.208364 0.176337 0.046379 -0.983237 -0.007597 0.000000 0.000000 0.000000 1.000000
0.125475 0.991215 0.041820 0.191574 0.974097 -0.131083 0.184264 0.208364 0.188127 0.017616 -0.981987 -0.007597 0.000000 0.000000 0.000000 1.000000
0.393295 0.916865 0.068391 0.191574 0.897990 -0.399031 0.185441 0.208364 0.197314 -0.011518 -0.980273 -0.007597 0.000000 0.000000 0.000000 1.000000
0.619373 0.778659 0.100332 0.191574 0.758151 -0.626405 0.181173 0.208364 0.203920 -0.036147 -0.978320 -0.007597 0.000000 0.000000 0.000000 1.000000
0.776273 0.615703 0.135315 0.191574 0.594342 -0.786367 0.168477 0.208364 0.210139 -0.050361 -0.976374 -0.007597 0.000000 0.000000 0.000000 1.000000
0.862195 0.477412 0.169401 0.191574 0.456852 -0.877284 0.147169 0.208364 0.218873 -0.049497 -0.974497 -0.007597 0.000000 0.000000 0.000000 1.000000
0.895443 0.398148 0.199146 0.191574 0.380845 -0.916763 0.120428 0.208364 0.230518 -0.031993 -0.972542 -0.007597 0.000000 0.000000 0.000000 1.000000
0.895120 0.385952 0.223164 0.191574 0.374603 -0.922519 0.092905 0.208364 0.241729 0.000437 -0.970344 -0.007597 0.000000 0.000000 0.000000 1.000000
0.869913 0.429841 0.241841 0.191574 0.426568 -0.901854 0.068544 0.208364 0.247569 0.043534 -0.967892 -0.007597 0.000000 0.000000 0.000000 1.000000
0.820894 0.510387 0.256198 0.191574 0.516106 -0.855077 0.049775 0.208364 0.244474 0.091365 -0.965342 -0.007597 0.000000 0.000000 0.000000 1.000000
0.750569 0.604450 0.266995 0.191574 0.618619 -0.784789 0.037642 0.208364 0.232288 0.136916 -0.962962 -0.007597 0.000000 0.000000 0.000000 1.000000
0.694440 0.665643 0.273261 0.191574 0.686262 -0.726868 0.026595 0.208364 0.216327 0.169060 -0.961572 -0.007597 0.000000 0.000000 0.000000 1.000000
0.669927 0.689462 0.275389 0.191574 0.712452 -0.701352 0.022750 0.208364 0.208830 0.180961 -0.961064 -0.007597 0.000000 0.000000 0.000000 1.000000
0.694440 0.665643 0.273261 0.191574 0.686262 -0.726868 0.026595 0.208364 0.216327 0.169060 -0.961572 -0.007597 0.000000 0.000000 0.000000 1.000000
0.750569 0.604450 0.266995 0.191574 0.618619 -0.784789 0.037642 0.208364 0.232288 0.136916 -0.962962 -0.007597 0.000000 0.000000 0.000000 1.000000
0.820894 0.510387 0.256198 0.191574 0.516106 -0.855077 0.049775 0.208364 0.244474 0.091365 -0.965342 -0.007597 0.000000 0.000000 0.000000 1.000000
0.869914 0.429841 0.241841 0.191574 0.426568 -0.901854 0.068544 0.208364 0.247569 0.043534 -0.967892 -0.007597 0.000000 0.000000 0.000000 1.000000
0.895120 0.385952 0.223164 0.191574 0.374603 -0.922519 0.092905 0.208364 0.241729 0.000437 -0.970344 -0.007597 0.000000 0.000000 0.000000 1.000000
0.895443 0.398148 0.199146 0.191574 0.380845 -0.916763 0.120428 0.208364 0.230518 -0.031993 -0.972542 -0.007597 0.000000 0.000000 0.000000 1.000000
0.862195 0.477412 0.169401 0.191574 0.456852 -0.877284 0.147169 0.208364 0.218873 -0.049497 -0.974497 -0.007597 0.000000 0.000000 0.000000 1.000000
0.776273 0.615703 0.135315 0.191574 0.594341 -0.786367 0.168477 0.208364 0.210139 -0.050361 -0.976374 -0.007597 0.000000 0.000000 0.000000 1.000000
0.619373 0.778659 0.100332 0.191574 0.758151 -0.626405 0.181173 0.208364 0.203920 -0.036147 -0.978320 -0.007597 0.000000 0.000000 0.000000 1.000000
0.393295 0.916865 0.068391 0.191574 0.897990 -0.399031 0.185441 0.208364 0.197314 -0.011518 -0.980273 -0.007597 0.000000 0.000000 0.000000 1.000000
0.125475 0.991215 0.041820 0.191574 0.974097 -0.131083 0.184264 0.208364 0.188127 0.017616 -0.981987 -0.007597 0.000000 0.000000 0.000000 1.000000
-0.144004 0.989358 0.020841 0.191574 0.973739 0.137915 0.181139 0.208364 0.176337 0.046379 -0.983237 -0.007597 0.000000 0.000000 0.000000 1.000000
-0.376671 0.926335 0.004750 0.191574 0.911799 0.369845 0.178432 0.208364 0.163531 0.071541 -0.983941 -0.007597 0.000000 0.000000 0.000000 1.000000
-0.521154 0.853460 -0.002290 0.191574 0.840027 0.513422 0.175367 0.208364 0.150844 0.089469 -0.984501 -0.007597 0.000000 0.000000 0.000000 1.000000
-0.571578 0.820536 -0.004428 0.191574 0.807559 0.563478 0.174189 0.208364 0.145424 0.095987 -0.984702 -0.007597 0.000000 0.000000 0.000000 1.000000</float_array><technique_common><accessor source="#M_Hair_Jnt_0-Matrix-animation-output-transform-array" count="31" stride="16"><param type="float4x4"/></accessor></technique_common></source><source id="M_Hair_Jnt_0-Interpolations"><Name_array id="M_Hair_Jnt_0-Interpolations-array" count="31">
 LINEAR LINEAR LINEAR LINEAR LINEAR LINEAR LINEAR LINEAR LINEAR LINEAR LINEAR
LINEAR LINEAR LINEAR LINEAR LINEAR LINEAR LINEAR LINEAR LINEAR LINEAR LINEAR LINEAR
LINEAR LINEAR LINEAR LINEAR LINEAR LINEAR LINEAR LINEAR</Name_array><technique_common><accessor source="#M_Hair_Jnt_0-Interpolations-array" count="31"><param type="name"/></accessor></technique_common></source><sampler id="M_Hair_Jnt_0-Matrix-animation-transform"><input semantic="INPUT" source="#M_Hair_Jnt_0-Matrix-animation-input"/><input semantic="OUTPUT" source="#M_Hair_Jnt_0-Matrix-animation-output-transform"/><input semantic="INTERPOLATION" source="#M_Hair_Jnt_0-Interpolations"/></sampler><channel source="#M_Hair_Jnt_0-Matrix-animation-transform" target="M_Hair_Jnt_0/matrix"/></animation></animation>
    <animation id="M_Hair_Jnt_1-anim" name="M_Hair_Jnt_1"><animation><source id="M_Hair_Jnt_1-Matrix-animation-input"><float_array id="M_Hair_Jnt_1-Matrix-animation-input-array" count="31">

0.000000 0.041667 0.083333 0.125000 0.166667 0.208333 0.250000 0.291667 0.333333 0.375000 0.416667 0.458333 0.500000 0.541667 0.583333 0.625000
0.666667 0.708333 0.750000 0.791667 0.833333 0.875000 0.916667 0.958333 1.000000 1.041667 1.083333 1.125000 1.166667 1.208333 1.250000</float_array><technique_common><accessor source="#M_Hair_Jnt_1-Matrix-animation-input-array" count="31"><param name="TIME" type="float"/></accessor></technique_common></source><source id="M_Hair_Jnt_1-Matrix-animation-output-transform"><float_array id="M_Hair_Jnt_1-Matrix-animation-output-transform-array" count="496">

0.978257 0.207381 -0.002409 0.147208 -0.207390 0.978248 -0.004474 0.000000 0.001429 0.004876 0.999987 -0.004321 0.000000 0.000000 0.000000 1.000000
0.975692 0.219142 -0.001647 0.147208 -0.219146 0.975688 -0.002972 0.000000 0.000956 0.003261 0.999994 -0.004321 0.000000 0.000000 0.000000 1.000000
0.969026 0.246958 0.000171 0.147208 -0.246958 0.969026 0.000126 0.000000 -0.000135 -0.000164 1.000000 -0.004321 0.000000 0.000000 0.000000 1.000000
0.962047 0.272882 0.001260 0.147208 -0.272884 0.962047 0.000876 -0.000000 -0.000973 -0.001186 0.999999 -0.004321 0.000000 0.000000 0.000000 1.000000
