<?xml version="1.0" encoding="utf-8"?>
<COLLADA xmlns="http://www.collada.org/2005/11/COLLADASchema" version="1.4.1">
  <asset><contributor><author></author><authoring_tool>FBX COLLADA exporter</authoring_tool><comments></comments></contributor><created>2013-12-28T19:50:15Z</created><keywords></keywords><modified>2013-12-28T19:50:15Z</modified><revision></revision><subject></subject><title></title><unit meter="0.010000" name="centimeter"></unit><up_axis>Y_UP</up_axis></asset>
  <library_animations>
    <animation id="Pelvis-anim" name="Pelvis"><animation><source id="Pelvis-Matrix-animation-input"><float_array id="Pelvis-Matrix-animation-input-array" count="31">

0.000000 0.041667 0.083333 0.125000 0.166667 0.208333 0.250000 0.291667 0.333333 0.375000 0.416667 0.458333 0.500000 0.541667 0.583333 0.625000
0.666667 0.708333 0.750000 0.791667 0.833333 0.875000 0.916667 0.958333 1.000000 1.041667 1.083333 1.125000 1.166667 1.208333 1.250000</float_array><technique_common><accessor source="#Pelvis-Matrix-animation-input-array" count="31"><param name="TIME" type="float"/></accessor></technique_common></source><source id="Pelvis-Matrix-animation-output-transform"><float_array id="Pelvis-Matrix-animation-output-transform-array" count="496">

1.000000 0.000000 0.000000 0.000000 0.000000 0.978333 -0.207038 2.300918 0.000000 0.207038 0.978333 -0.084193 0.000000 0.000000 0.000000 1.000000
1.000000 0.000000 0.000000 0.000000 0.000000 0.971367 -0.237583 2.358872 0.000000 0.237583 0.971367 -0.089149 0.000000 0.000000 0.000000 1.000000
1.000000 0.000000 0.000000 0.000000 0.000000 0.946257 -0.323415 2.512568 0.000000 0.323415 0.946257 -0.082453 0.000000 0.000000 0.000000 1.000000
1.000000 0.000000 0.000000 0.000000 0.000000 0.891509 -0.453002 2.721546 0.000000 0.453002 0.891509 -0.034005 0.000000 0.000000 0.000000 1.000000
1.000000 0.000000 0.000000 0.000000 0.000000 0.792765 -0.609527 2.937472 0.000000 0.609527 0.792765 0.079412 0.000000 0.000000 0.000000 1.000000
1.000000 0.000000 0.000000 0.000000 0.000000 0.638273 -0.769810 3.112115 0.000000 0.769810 0.638273 0.184274 0.000000 0.000000 0.000000 1.000000
1.000000 0.000000 0.000000 0.000000 0.000000 0.424332 -0.905507 3.206179 0.000000 0.905507 0.424332 0.217826 0.000000 0.000000 0.000000 1.000000
1.000000 0.000000 0.000000 0.000000 0.000000 0.159358 -0.987221 3.197612 0.000000 0.987221 0.159358 0.205864 0.000000 0.000000 0.000000 1.000000
1.000000 0.000000 0.000000 0.000000 0.000000 -0.135090 -0.990833 3.087083 0.000000 0.990833 -0.135090 0.173540 0.000000 0.000000 0.000000 1.000000
1.000000 0.000000 0.000000 0.000000 0.000000 -0.427399 -0.904063 2.898266 0.000000 0.904063 -0.427399 0.156201 0.000000 0.000000 0.000000 1.000000
1.000000 0.000000 0.000000 0.000000 0.000000 -0.682730 -0.730671 2.671841 0.000000 0.730671 -0.682730 0.188419 0.000000 0.000000 0.000000 1.000000
1.000000 0.000000 0.000000 0.000000 0.000000 -0.871547 -0.490313 2.454258 0.000000 0.490313 -0.871547 0.237016 0.000000 0.000000 0.000000 1.000000
1.000000 0.000000 0.000000 0.000000 0.000000 -0.976888 -0.213751 2.284373 0.000000 0.213751 -0.976888 0.269573 0.000000 0.000000 0.000000 1.000000
1.000000 0.000000 0.000000 0.000000 0.000000 -0.997888 0.064961 2.182010 0.000000 -0.064961 -0.997888 0.273530 0.000000 0.000000 0.000000 1.000000
1.000000 0.000000 0.000000 0.000000 0.000000 -0.948599 0.316482 2.141783 0.000000 -0.316482 -0.948599 0.244908 0.000000 0.000000 0.000000 1.000000
1.000000 0.000000 0.000000 0.000000 0.000000 -0.853138 0.521685 2.133504 0.000000 -0.521685 -0.853138 0.176384 0.000000 0.000000 0.000000 1.000000
1.000000 0.000000 0.000000 0.000000 0.000000 -0.722523 0.691347 2.125690 0.000000 -0.691347 -0.722523 0.070999 0.000000 0.000000 0.000000 1.000000
1.000000 0.000000 0.000000 0.000000 0.000000 -0.552191 0.833718 2.147591 0.000000 -0.833718 -0.552191 -0.046891 0.000000 0.000000 0.000000 1.000000
1.000000 0.000000 0.000000 0.000000 0.000000 -0.350377 0.936609 2.229916 0.000000 -0.936609 -0.350377 -0.152730 0.000000 0.000000 0.000000 1.000000
1.000000 0.000000 0.000000 0.000000 0.000000 -0.129400 0.991593 2.379568 0.000000 -0.991593 -0.129400 -0.128465 0.000000 0.000000 0.000000 1.000000
1.000000 0.000000 0.000000 0.000000 0.000000 0.096122 0.995370 2.579128 0.000000 -0.995370 0.096122 0.013365 0.000000 0.000000 0.000000 1.000000
1.000000 0.000000 0.000000 0.000000 0.000000 0.311492 0.950249 2.792529 0.000000 -0.950249 0.311492 0.090341 0.000000 0.000000 0.000000 1.000000
1.000000 0.000000 0.000000 0.000000 0.000000 0.504103 0.863643 2.975733 0.000000 -0.863643 0.504103 0.070243 0.000000 0.000000 0.000000 1.000000
1.000000 0.000000 0.000000 0.000000 0.000000 0.665113 0.746743 3.089345 0.000000 -0.746743 0.665113 0.063045 0.000000 0.000000 0.000000 1.000000
1.000000 0.000000 0.000000 0.000000 0.000000 0.790301 0.612718 3.109397 0.000000 -0.612718 0.790301 0.066992 0.000000 0.000000 0.000000 1.000000
1.000000 0.000000 0.000000 0.000000 0.000000 0.880038 0.474903 3.033356 0.000000 -0.474903 0.880038 0.069649 0.000000 0.000000 0.000000 1.000000
0.999990 -0.002079 -0.003866 0.000000 0.003286 0.938477 0.345325 2.880286 0.002911 -0.345334 0.938475 0.058108 0.000000 0.000000 0.000000 1.000000
0.999890 -0.006466 -0.013376 0.000000 0.009415 0.972240 0.233794 2.686037 0.011493 -0.233894 0.972194 0.026759 0.000000 0.000000 0.000000 1.000000
0.999626 -0.011075 -0.025004 0.000000 0.014654 0.988906 0.147819 2.495534 0.023090 -0.148130 0.988698 -0.019067 0.000000 0.000000 0.000000 1.000000
0.999285 -0.014564 -0.034891 0.000000 0.017758 0.995502 0.093062 2.354360 0.033379 -0.093615 0.995049 -0.063644 0.000000 0.000000 0.000000 1.000000
0.999109 -0.015955 -0.039061 0.000000 0.018814 0.997084 0.073952 2.300918 0.037768 -0.074621 0.996497 -0.084193 0.000000 0.000000 0.000000 1.000000</float_array><technique_common><accessor source="#Pelvis-Matrix-animation-output-transform-array" count="31" stride="16"><param type="float4x4"/></accessor></technique_common></source><source id="Pelvis-Interpolations"><Name_array id="Pelvis-Interpolations-array" count="31">
 LINEAR LINEAR LINEAR LINEAR LINEAR LINEAR LINEAR LINEAR LINEAR LINEAR LINEAR
LINEAR LINEAR LINEAR LINEAR LINEAR LINEAR LINEAR LINEAR LINEAR LINEAR LINEAR LINEAR
LINEAR LINEAR LINEAR LINEAR LINEAR LINEAR LINEAR LINEAR</Name_array><technique_common><accessor source="#Pelvis-Interpolations-array" count="31"><param type="name"/></accessor></technique_common></source><sampler id="Pelvis-Matrix-animation-transform"><input semantic="INPUT" source="#Pelvis-Matrix-animation-input"/><input semantic="OUTPUT" source="#Pelvis-Matrix-animation-output-transform"/><input semantic="INTERPOLATION" source="#Pelvis-Interpolations"/></sampler><channel source="#Pelvis-Matrix-animation-transform" target="Pelvis/matrix"/></animation></animation>
    <animation id="Spine_01-anim" name="Spine_01"><animation><source id="Spine_01-Matrix-animation-input"><float_array id="Spine_01-Matrix-animation-input-array" count="31">

0.000000 0.041667 0.083333 0.125000 0.166667 0.208333 0.250000 0.291667 0.333333 0.375000 0.416667 0.458333 0.500000 0.541667 0.583333 0.625000
0.666667 0.708333 0.750000 0.791667 0.833333 0.875000 0.916667 0.958333 1.000000 1.041667 1.083333 1.125000 1.166667 1.208333 1.250000</float_array><technique_common><accessor source="#Spine_01-Matrix-animation-input-array" count="31"><param name="TIME" type="float"/></accessor></technique_common></source><source id="Spine_01-Matrix-animation-output-transform"><float_array id="Spine_01-Matrix-animation-output-transform-array" count="496">

0.000000 -0.000000 1.000000 0.000000 0.997390 0.072196 -0.000000 0.211260 -0.072196 0.997390 0.000000 0.059226 0.000000 0.000000 0.000000 1.000000
0.000000 -0.000000 1.000000 0.000000 0.997606 0.069160 -0.000000 0.211260 -0.069160 0.997606 0.000000 0.059226 0.000000 0.000000 0.000000 1.000000
0.000000 -0.000000 1.000000 0.000000 0.998161 0.060616 -0.000000 0.211260 -0.060616 0.998161 0.000000 0.059226 0.000000 0.000000 0.000000 1.000000
0.000000 -0.000000 1.000000 0.000000 0.998876 0.047401 -0.000000 0.211260 -0.047401 0.998876 0.000000 0.059226 0.000000 0.000000 0.000000 1.000000
0.000000 -0.000000 1.000000 0.000000 0.999539 0.030359 -0.000000 0.211260 -0.030359 0.999539 0.000000 0.059226 0.000000 0.000000 0.000000 1.000000
0.000000 -0.000000 1.000000 0.000000 0.999947 0.010336 -0.000000 0.211260 -0.010336 0.999947 0.000000 0.059226 0.000000 0.000000 0.000000 1.000000
0.000000 -0.000000 1.000000 0.000000 0.999930 -0.011814 -0.000000 0.211260 0.011814 0.999930 0.000000 0.059226 0.000000 0.000000 0.000000 1.000000
0.000000 -0.000000 1.000000 0.000000 0.999379 -0.035231 -0.000000 0.211260 0.035231 0.999379 0.000000 0.059226 0.000000 0.000000 0.000000 1.000000
0.000000 -0.000000 1.000000 0.000000 0.998255 -0.059053 -0.000000 0.211260 0.059053 0.998255 0.000000 0.059226 0.000000 0.000000 0.000000 1.000000
0.000000 -0.000000 1.000000 0.000000 0.996598 -0.082418 -0.000000 0.211260 0.082418 0.996598 0.000000 0.059226 0.000000 0.000000 0.000000 1.000000
0.000000 -0.000000 1.000000 0.000000 0.994528 -0.104472 -0.000000 0.211260 0.104472 0.994528 0.000000 0.059226 0.000000 0.000000 0.000000 1.000000
0.000000 -0.000000 1.000000 0.000000 0.992236 -0.124367 -0.000000 0.211260 0.124367 0.992236 0.000000 0.059226 0.000000 0.000000 0.000000 1.000000
0.000000 -0.000000 1.000000 0.000000 0.989971 -0.141271 -0.000000 0.211260 0.141271 0.989971 0.000000 0.059226 0.000000 0.000000 0.000000 1.000000
0.000000 -0.000000 1.000000 0.000000 0.988015 -0.154359 -0.000000 0.211260 0.154359 0.988015 0.000000 0.059226 0.000000 0.000000 0.000000 1.000000
0.000000 -0.000000 1.000000 0.000000 0.986657 -0.162814 -0.000000 0.211260 0.162814 0.986657 0.000000 0.059226 0.000000 0.000000 0.000000 1.000000
0.000000 -0.000000 1.000000 0.000000 0.986157 -0.165816 -0.000000 0.211260 0.165816 0.986157 0.000000 0.059226 0.000000 0.000000 0.000000 1.000000
0.000000 -0.000000 1.000000 0.000000 0.986657 -0.162814 -0.000000 0.211260 0.162814 0.986657 0.000000 0.059226 0.000000 0.000000 0.000000 1.000000
0.000000 -0.000000 1.000000 0.000000 0.988015 -0.154359 -0.000000 0.211260 0.154359 0.988015 0.000000 0.059226 0.000000 0.000000 0.000000 1.000000
0.000000 -0.000000 1.000000 0.000000 0.989971 -0.141271 -0.000000 0.211260 0.141271 0.989971 0.000000 0.059226 0.000000 0.000000 0.000000 1.000000
0.000000 -0.000000 1.000000 0.000000 0.992236 -0.124367 -0.000000 0.211260 0.124367 0.992236 0.000000 0.059226 0.000000 0.000000 0.000000 1.000000
0.000000 -0.000000 1.000000 0.000000 0.994528 -0.104472 -0.000000 0.211260 0.104472 0.994528 0.000000 0.059226 0.000000 0.000000 0.000000 1.000000
0.000000 -0.000000 1.000000 0.000000 0.996598 -0.082418 -0.000000 0.211260 0.082418 0.996598 0.000000 0.059226 0.000000 0.000000 0.000000 1.000000
0.000000 -0.000000 1.000000 0.000000 0.998255 -0.059053 -0.000000 0.211260 0.059053 0.998255 0.000000 0.059226 0.000000 0.000000 0.000000 1.000000
0.000000 -0.000000 1.000000 0.000000 0.999379 -0.035231 -0.000000 0.211260 0.035231 0.999379 0.000000 0.059226 0.000000 0.000000 0.000000 1.000000
0.000000 -0.000000 1.000000 0.000000 0.999930 -0.011814 -0.000000 0.211260 0.011814 0.999930 0.000000 0.059226 0.000000 0.000000 0.000000 1.000000
0.000000 -0.000000 1.000000 0.000000 0.999947 0.010336 -0.000000 0.211260 -0.010336 0.999947 0.000000 0.059226 0.000000 0.000000 0.000000 1.000000
0.000000 -0.000000 1.000000 0.000000 0.999539 0.030359 -0.000000 0.211260 -0.030359 0.999539 0.000000 0.059226 0.000000 0.000000 0.000000 1.000000
0.000000 -0.000000 1.000000 0.000000 0.998876 0.047401 -0.000000 0.211260 -0.047401 0.998876 0.000000 0.059226 0.000000 0.000000 0.000000 1.000000
0.000000 -0.000000 1.000000 0.000000 0.998161 0.060616 -0.000000 0.211260 -0.060616 0.998161 0.000000 0.059226 0.000000 0.000000 0.000000 1.000000
0.000000 -0.000000 1.000000 -0.000000 0.997606 0.069160 -0.000000 0.211260 -0.069160 0.997606 0.000000 0.059226 0.000000 0.000000 0.000000 1.000000
0.000000 -0.000000 1.000000 0.000000 0.997390 0.072196 -0.000000 0.211260 -0.072196 0.997390 0.000000 0.059226 0.000000 0.000000 0.000000 1.000000</float_array><technique_common><accessor source="#Spine_01-Matrix-animation-output-transform-array" count="31" stride="16"><param type="float4x4"/></accessor></technique_common></source><source id="Spine_01-Interpolations"><Name_array id="Spine_01-Interpolations-array" count="31">
 LINEAR LINEAR LINEAR LINEAR LINEAR LINEAR LINEAR LINEAR LINEAR LINEAR LINEAR
LINEAR LINEAR LINEAR LINEAR LINEAR LINEAR LINEAR LINEAR LINEAR LINEAR LINEAR LINEAR
LINEAR LINEAR LINEAR LINEAR LINEAR LINEAR LINEAR LINEAR</Name_array><technique_common><accessor source="#Spine_01-Interpolations-array" count="31"><param type="name"/></accessor></technique_common></source><sampler id="Spine_01-Matrix-animation-transform"><input semantic="INPUT" source="#Spine_01-Matrix-animation-input"/><input semantic="OUTPUT" source="#Spine_01-Matrix-animation-output-transform"/><input semantic="INTERPOLATION" source="#Spine_01-Interpolations"/></sampler><channel source="#Spine_01-Matrix-animation-transform" target="Spine_01/matrix"/></animation></animation>
    <animation id="Spine_02-anim" name="Spine_02"><animation><source id="Spine_02-Matrix-animation-input"><float_array id="Spine_02-Matrix-animation-input-array" count="31">

0.000000 0.041667 0.083333 0.125000 0.166667 0.208333 0.250000 0.291667 0.333333 0.375000 0.416667 0.458333 0.500000 0.541667 0.583333 0.625000
0.666667 0.708333 0.750000 0.791667 0.833333 0.875000 0.916667 0.958333 1.000000 1.041667 1.083333 1.125000 1.166667 1.208333 1.250000</float_array><technique_common><accessor source="#Spine_02-Matrix-animation-input-array" count="31"><param name="TIME" type="float"/></accessor></technique_common></source><source id="Spine_02-Matrix-animation-output-transform"><float_array id="Spine_02-Matrix-animation-output-transform-array" count="496">

0.976719 0.214524 0.000000 0.204170 -0.214524 0.976719 0.000000 0.000000 -0.000000 -0.000000 1.000000 -0.000000 0.000000 0.000000 0.000000 1.000000
0.976719 0.214524 0.000000 0.204170 -0.214524 0.976719 0.000000 0.000000 -0.000000 -0.000000 1.000000 -0.000000 0.000000 0.000000 0.000000 1.000000
0.976719 0.214524 0.000000 0.204170 -0.214524 0.976719 0.000000 0.000000 -0.000000 -0.000000 1.000000 -0.000000 0.000000 0.000000 0.000000 1.000000
0.976719 0.214524 0.000000 0.204170 -0.214524 0.976719 0.000000 0.000000 -0.000000 -0.000000 1.000000 -0.000000 0.000000 0.000000 0.000000 1.000000
0.976719 0.214524 -0.000000 0.204170 -0.214524 0.976719 0.000000 -0.000000 0.000000 -0.000000 1.000000 -0.000000 0.000000 0.000000 0.000000 1.000000
0.976719 0.214524 0.000000 0.204170 -0.214524 0.976719 0.000000 0.000000 -0.000000 -0.000000 1.000000 -0.000000 0.000000 0.000000 0.000000 1.000000
0.976719 0.214524 0.000000 0.204170 -0.214524 0.976719 0.000000 -0.000000 -0.000000 -0.000000 1.000000 -0.000000 0.000000 0.000000 0.000000 1.000000
0.976719 0.214524 0.000000 0.204170 -0.214524 0.976719 0.000000 0.000000 -0.000000 -0.000000 1.000000 -0.000000 0.000000 0.000000 0.000000 1.000000
0.976719 0.214524 0.000000 0.204170 -0.214524 0.976719 0.000000 -0.000000 -0.000000 -0.000000 1.000000 -0.000000 0.000000 0.000000 0.000000 1.000000
0.976719 0.214524 0.000000 0.204170 -0.214524 0.976719 0.000000 0.000000 -0.000000 -0.000000 1.000000 -0.000000 0.000000 0.000000 0.000000 1.000000
0.976719 0.214524 -0.000000 0.204170 -0.214524 0.976719 0.000000 0.000000 0.000000 -0.000000 1.000000 0.000000 0.000000 0.000000 0.000000 1.000000
0.976719 0.214524 -0.000000 0.204170 -0.214524 0.976719 0.000000 0.000000 0.000000 -0.000000 1.000000 0.000000 0.000000 0.000000 0.000000 1.000000
0.976719 0.214524 -0.000000 0.204170 -0.214524 0.976719 0.000000 0.000000 0.000000 -0.000000 1.000000 -0.000000 0.000000 0.000000 0.000000 1.000000
0.976719 0.214524 0.000000 0.204170 -0.214524 0.976719 0.000000 0.000000 -0.000000 -0.000000 1.000000 -0.000000 0.000000 0.000000 0.000000 1.000000
0.976719 0.214524 -0.000000 0.204170 -0.214524 0.976719 0.000000 0.000000 0.000000 -0.000000 1.000000 0.000000 0.000000 0.000000 0.000000 1.000000
0.976719 0.214524 0.000000 0.204170 -0.214524 0.976719 0.000000 -0.000000 -0.000000 -0.000000 1.000000 -0.000000 0.000000 0.000000 0.000000 1.000000
0.976719 0.214524 -0.000000 0.204170 -0.214524 0.976719 0.000000 -0.000000 0.000000 -0.000000 1.000000 -0.000000 0.000000 0.000000 0.000000 1.000000
0.976719 0.214524 0.000000 0.204170 -0.214524 0.976719 0.000000 -0.000000 -0.000000 -0.000000 1.000000 -0.000000 0.000000 0.000000 0.000000 1.000000
0.976719 0.214524 -0.000000 0.204170 -0.214524 0.976719 0.000000 -0.000000 0.000000 -0.000000 1.000000 -0.000000 0.000000 0.000000 0.000000 1.000000
0.976719 0.214524 0.000000 0.204170 -0.214524 0.976719 0.000000 0.000000 -0.000000 -0.000000 1.000000 -0.000000 0.000000 0.000000 0.000000 1.000000
0.976719 0.214524 0.000000 0.204170 -0.214524 0.976719 0.000000 0.000000 -0.000000 -0.000000 1.000000 -0.000000 0.000000 0.000000 0.000000 1.000000
0.976719 0.214524 0.000000 0.204170 -0.214524 0.976719 0.000000 0.000000 -0.000000 -0.000000 1.000000 -0.000000 0.000000 0.000000 0.000000 1.000000
0.976719 0.214524 0.000000 0.204170 -0.214524 0.976719 0.000000 0.000000 -0.000000 -0.000000 1.000000 -0.000000 0.000000 0.000000 0.000000 1.000000
0.976719 0.214524 0.000000 0.204170 -0.214524 0.976719 0.000000 0.000000 -0.000000 -0.000000 1.000000 -0.000000 0.000000 0.000000 0.000000 1.000000
0.976719 0.214524 0.000000 0.204170 -0.214524 0.976719 0.000000 0.000000 -0.000000 -0.000000 1.000000 -0.000000 0.000000 0.000000 0.000000 1.000000
0.976719 0.214524 0.000000 0.204170 -0.214524 0.976719 0.000000 0.000000 -0.000000 -0.000000 1.000000 -0.000000 0.000000 0.000000 0.000000 1.000000
0.976719 0.214524 0.000000 0.204170 -0.214524 0.976719 0.000000 0.000000 -0.000000 -0.000000 1.000000 -0.000000 0.000000 0.000000 0.000000 1.000000
0.976719 0.214524 0.000000 0.204170 -0.214524 0.976719 0.000000 -0.000000 -0.000000 -0.000000 1.000000 -0.000000 0.000000 0.000000 0.000000 1.000000
0.976719 0.214524 -0.000000 0.204170 -0.214524 0.976719 0.000000 0.000000 0.000000 -0.000000 1.000000 -0.000000 0.000000 0.000000 0.000000 1.000000
0.976719 0.214524 0.000000 0.204170 -0.214524 0.976719 0.000000 0.000000 -0.000000 -0.000000 1.000000 -0.000000 0.000000 0.000000 0.000000 1.000000
0.976719 0.214524 0.000000 0.204170 -0.214524 0.976719 0.000000 -0.000000 -0.000000 -0.000000 1.000000 -0.000000 0.000000 0.000000 0.000000 1.000000</float_array><technique_common><accessor source="#Spine_02-Matrix-animation-output-transform-array" count="31" stride="16"><param type="float4x4"/></accessor></technique_common></source><source id="Spine_02-Interpolations"><Name_array id="Spine_02-Interpolations-array" count="31">
 LINEAR LINEAR LINEAR LINEAR LINEAR LINEAR LINEAR LINEAR LINEAR LINEAR LINEAR
LINEAR LINEAR LINEAR LINEAR LINEAR LINEAR LINEAR LINEAR LINEAR LINEAR LINEAR LINEAR
LINEAR LINEAR LINEAR LINEAR LINEAR LINEAR LINEAR LINEAR</Name_array><technique_common><accessor source="#Spine_02-Interpolations-array" count="31"><param type="name"/></accessor></technique_common></source><sampler id="Spine_02-Matrix-animation-transform"><input semantic="INPUT" source="#Spine_02-Matrix-animation-input"/><input semantic="OUTPUT" source="#Spine_02-Matrix-animation-output-transform"/><input semantic="INTERPOLATION" source="#Spine_02-Interpolations"/></sampler><channel source="#Spine_02-Matrix-animation-transform" target="Spine_02/matrix"/></animation></animation>
    <animation id="Spine_03-anim" name="Spine_03"><animation><source id="Spine_03-Matrix-animation-input"><float_array id="Spine_03-Matrix-animation-input-array" count="31">

0.000000 0.041667 0.083333 0.125000 0.166667 0.208333 0.250000 0.291667 0.333333 0.375000 0.416667 0.458333 0.500000 0.541667 0.583333 0.625000
0.666667 0.708333 0.750000 0.791667 0.833333 0.875000 0.916667 0.958333 1.000000 1.041667 1.083333 1.125000 1.166667 1.208333 1.250000</float_array><technique_common><accessor source="#Spine_03-Matrix-animation-input-array" count="31"><param name="TIME" type="float"/></accessor></technique_common></source><source id="Spine_03-Matrix-animation-output-transform"><float_array id="Spine_03-Matrix-animation-output-transform-array" count="496">

0.967759 0.251309 0.016892 0.299514 0.251271 -0.967907 0.004386 0.000000 0.017452 0.000000 -0.999848 -0.000000 0.000000 0.000000 0.000000 1.000000
0.967254 0.253249 0.016883 0.299514 0.253211 -0.967401 0.004420 0.000000 0.017452 0.000000 -0.999848 -0.000000 0.000000 0.000000 0.000000 1.000000
0.965810 0.258703 0.016858 0.299514 0.258664 -0.965957 0.004515 0.000000 0.017452 0.000000 -0.999848 -0.000000 0.000000 0.000000 0.000000 1.000000
0.963518 0.267115 0.016818 0.299514 0.267074 -0.963665 0.004662 0.000000 0.017452 0.000000 -0.999848 -0.000000 0.000000 0.000000 0.000000 1.000000
0.960456 0.277926 0.016765 0.299514 0.277884 -0.960603 0.004850 0.000000 0.017452 0.000000 -0.999848 -0.000000 0.000000 0.000000 0.000000 1.000000
0.956706 0.290576 0.016699 0.299514 0.290532 -0.956852 0.005071 -0.000000 0.017452 0.000000 -0.999848 -0.000000 0.000000 0.000000 0.000000 1.000000
0.952365 0.304508 0.016624 0.299514 0.304462 -0.952510 0.005314 0.000000 0.017452 0.000000 -0.999848 -0.000000 0.000000 0.000000 0.000000 1.000000
0.947553 0.319171 0.016540 0.299514 0.319122 -0.947697 0.005570 -0.000000 0.017452 0.000000 -0.999848 -0.000000 0.000000 0.000000 0.000000 1.000000
0.942422 0.334022 0.016450 0.299514 0.333971 -0.942565 0.005829 0.000000 0.017452 0.000000 -0.999848 -0.000000 0.000000 0.000000 0.000000 1.000000
0.937156 0.348527 0.016358 0.299514 0.348474 -0.937299 0.006083 -0.000000 0.017452 0.000000 -0.999848 -0.000000 0.000000 0.000000 0.000000 1.000000
0.931971 0.362168 0.016268 0.299514 0.362113 -0.932113 0.006321 0.000000 0.017452 0.000000 -0.999848 -0.000000 0.000000 0.000000 0.000000 1.000000
0.927112 0.374435 0.016183 0.299514 0.374378 -0.927253 0.006535 0.000000 0.017452 0.000000 -0.999848 -0.000000 0.000000 0.000000 0.000000 1.000000
0.922847 0.384830 0.016108 0.299514 0.384772 -0.922987 0.006716 0.000000 0.017452 0.000000 -0.999848 -0.000000 0.000000 0.000000 0.000000 1.000000
0.919457 0.392863 0.016049 0.299514 0.392803 -0.919597 0.006856 0.000000 0.017452 0.000000 -0.999848 -0.000000 0.000000 0.000000 0.000000 1.000000
0.917226 0.398044 0.016010 0.299514 0.397984 -0.917366 0.006947 -0.000000 0.017452 0.000000 -0.999848 -0.000000 0.000000 0.000000 0.000000 1.000000
0.916427 0.399883 0.015996 0.299514 0.399822 -0.916566 0.006979 0.000000 0.017452 0.000000 -0.999848 -0.000000 0.000000 0.000000 0.000000 1.000000
0.917226 0.398044 0.016010 0.299514 0.397984 -0.917366 0.006947 0.000000 0.017452 0.000000 -0.999848 -0.000000 0.000000 0.000000 0.000000 1.000000
0.919457 0.392863 0.016049 0.299514 0.392803 -0.919597 0.006856 0.000000 0.017452 0.000000 -0.999848 -0.000000 0.000000 0.000000 0.000000 1.000000
0.922847 0.384830 0.016108 0.299514 0.384772 -0.922987 0.006716 0.000000 0.017452 0.000000 -0.999848 -0.000000 0.000000 0.000000 0.000000 1.000000
0.927112 0.374435 0.016183 0.299514 0.374378 -0.927253 0.006535 0.000000 0.017452 0.000000 -0.999848 -0.000000 0.000000 0.000000 0.000000 1.000000
0.931971 0.362168 0.016268 0.299514 0.362113 -0.932113 0.006321 0.000000 0.017452 0.000000 -0.999848 -0.000000 0.000000 0.000000 0.000000 1.000000
0.937156 0.348527 0.016358 0.299514 0.348474 -0.937299 0.006083 0.000000 0.017452 0.000000 -0.999848 -0.000000 0.000000 0.000000 0.000000 1.000000
0.942422 0.334022 0.016450 0.299514 0.333971 -0.942565 0.005829 0.000000 0.017452 0.000000 -0.999848 -0.000000 0.000000 0.000000 0.000000 1.000000
0.947553 0.319171 0.016540 0.299514 0.319122 -0.947697 0.005570 0.000000 0.017452 0.000000 -0.999848 -0.000000 0.000000 0.000000 0.000000 1.000000
0.952365 0.304508 0.016624 0.299514 0.304462 -0.952510 0.005314 0.000000 0.017452 0.000000 -0.999848 -0.000000 0.000000 0.000000 0.000000 1.000000
0.956706 0.290576 0.016699 0.299514 0.290532 -0.956852 0.005071 0.000000 0.017452 0.000000 -0.999848 -0.000000 0.000000 0.000000 0.000000 1.000000
0.960456 0.277926 0.016765 0.299514 0.277884 -0.960603 0.004850 0.000000 0.017452 0.000000 -0.999848 -0.000000 0.000000 0.000000 0.000000 1.000000
0.963518 0.267115 0.016818 0.299514 0.267074 -0.963665 0.004662 0.000000 0.017452 0.000000 -0.999848 -0.000000 0.000000 0.000000 0.000000 1.000000
0.965810 0.258703 0.016858 0.299514 0.258664 -0.965957 0.004515 0.000000 0.017452 0.000000 -0.999848 -0.000000 0.000000 0.000000 0.000000 1.000000
0.967254 0.253249 0.016883 0.299514 0.253211 -0.967401 0.004420 -0.000000 0.017452 0.000000 -0.999848 -0.000000 0.000000 0.000000 0.000000 1.000000
0.967759 0.251309 0.016892 0.299514 0.251271 -0.967907 0.004386 0.000000 0.017452 0.000000 -0.999848 -0.000000 0.000000 0.000000 0.000000 1.000000</float_array><technique_common><accessor source="#Spine_03-Matrix-animation-output-transform-array" count="31" stride="16"><param type="float4x4"/></accessor></technique_common></source><source id="Spine_03-Interpolations"><Name_array id="Spine_03-Interpolations-array" count="31">
 LINEAR LINEAR LINEAR LINEAR LINEAR LINEAR LINEAR LINEAR LINEAR LINEAR LINEAR
LINEAR LINEAR LINEAR LINEAR LINEAR LINEAR LINEAR LINEAR LINEAR LINEAR LINEAR LINEAR
LINEAR LINEAR LINEAR LINEAR LINEAR LINEAR LINEAR LINEAR</Name_array><technique_common><accessor source="#Spine_03-Interpolations-array" count="31"><param type="name"/></accessor></technique_common></source><sampler id="Spine_03-Matrix-animation-transform"><input semantic="INPUT" source="#Spine_03-Matrix-animation-input"/><input semantic="OUTPUT" source="#Spine_03-Matrix-animation-output-transform"/><input semantic="INTERPOLATION" source="#Spine_03-Interpolations"/></sampler><channel source="#Spine_03-Matrix-animation-transform" target="Spine_03/matrix"/></animation></animation>
    <animation id="Head-anim" name="Head"><animation><source id="Head-Matrix-animation-input"><float_array id="Head-Matrix-animation-input-array" count="31">

0.000000 0.041667 0.083333 0.125000 0.166667 0.208333 0.250000 0.291667 0.333333 0.375000 0.416667 0.458333 0.500000 0.541667 0.583333 0.625000
0.666667 0.708333 0.750000 0.791667 0.833333 0.875000 0.916667 0.958333 1.000000 1.041667 1.083333 1.125000 1.166667 1.208333 1.250000</float_array><technique_common><accessor source="#Head-Matrix-animation-input-array" count="31"><param name="TIME" type="float"/></accessor></technique_common></source><source id="Head-Matrix-animation-output-transform"><float_array id="Head-Matrix-animation-output-transform-array" count="496">

0.993873 -0.110524 0.000000 0.133559 0.110524 0.993873 -0.000000 0.000000 -0.000000 0.000000 1.000000 0.000000 0.000000 0.000000 0.000000 1.000000
0.994479 -0.104936 0.000009 0.133559 0.104936 0.994479 0.000179 0.000000 -0.000028 -0.000177 1.000000 0.000000 0.000000 0.000000 0.000000 1.000000
0.996014 -0.089193 0.000042 0.133559 0.089192 0.996014 0.000681 -0.000000 -0.000102 -0.000675 1.000000 0.000000 0.000000 0.000000 0.000000 1.000000
0.997897 -0.064820 0.000107 0.133559 0.064820 0.997896 0.001457 0.000000 -0.000201 -0.001447 0.999999 0.000000 0.000000 0.000000 0.000000 1.000000
0.999444 -0.033354 0.000219 0.133559 0.033353 0.999441 0.002453 0.000000 -0.000301 -0.002445 0.999997 0.000000 0.000000 0.000000 0.000000 1.000000
0.999993 0.003635 0.000390 0.133559 -0.003636 0.999987 0.003618 0.000000 -0.000377 -0.003620 0.999993 0.000000 0.000000 0.000000 0.000000 1.000000
0.999008 0.044537 0.000630 0.133559 -0.044540 0.998996 0.004899 0.000000 -0.000411 -0.004922 0.999988 0.000000 0.000000 0.000000 0.000000 1.000000
0.996146 0.087709 0.000941 0.133559 -0.087713 0.996126 0.006241 0.000000 -0.000390 -0.006299 0.999980 0.000000 0.000000 0.000000 0.000000 1.000000
0.991316 0.131493 0.001316 0.133559 -0.131499 0.991287 0.007592 0.000000 -0.000306 -0.007699 0.999970 0.000000 0.000000 0.000000 0.000000 1.000000
0.984700 0.174249 0.001742 0.133559 -0.174258 0.984660 0.008901 0.000000 -0.000164 -0.009069 0.999959 0.000000 0.000000 0.000000 0.000000 1.000000
0.976748 0.214381 0.002197 0.133559 -0.214393 0.976695 0.010122 0.000000 0.000024 -0.010358 0.999946 0.000000 0.000000 0.000000 0.000000 1.000000
0.968149 0.250359 0.002650 0.133559 -0.250373 0.968085 0.011209 0.000000 0.000240 -0.011515 0.999934 0.000000 0.000000 0.000000 0.000000 1.000000
0.959782 0.280729 0.003068 0.133559 -0.280745 0.959706 0.012120 0.000000 0.000458 -0.012494 0.999922 0.000000 0.000000 0.000000 0.000000 1.000000
0.952633 0.304103 0.003412 0.133559 -0.304121 0.952547 0.012818 0.000000 0.000648 -0.013249 0.999912 0.000000 0.000000 0.000000 0.000000 1.000000
0.947704 0.319131 0.003644 0.133559 -0.319151 0.947611 0.013265 0.000000 0.000780 -0.013734 0.999905 0.000000 0.000000 0.000000 0.000000 1.000000
0.945895 0.324453 0.003728 0.133559 -0.324473 0.945800 0.013423 0.000000 0.000829 -0.013907 0.999903 0.000000 0.000000 0.000000 0.000000 1.000000
0.947704 0.319131 0.003644 0.133559 -0.319151 0.947611 0.013265 0.000000 0.000780 -0.013734 0.999905 0.000000 0.000000 0.000000 0.000000 1.000000
0.952633 0.304103 0.003412 0.133559 -0.304121 0.952547 0.012818 0.000000 0.000648 -0.013249 0.999912 0.000000 0.000000 0.000000 0.000000 1.000000
0.959782 0.280729 0.003068 0.133559 -0.280745 0.959706 0.012120 0.000000 0.000458 -0.012494 0.999922 0.000000 0.000000 0.000000 0.000000 1.000000
0.968149 0.250359 0.002650 0.133559 -0.250373 0.968085 0.011209 0.000000 0.000240 -0.011515 0.999934 0.000000 0.000000 0.000000 0.000000 1.000000
0.976748 0.214381 0.002197 0.133559 -0.214393 0.976695 0.010122 0.000000 0.000024 -0.010358 0.999946 0.000000 0.000000 0.000000 0.000000 1.000000
0.984700 0.174249 0.001742 0.133559 -0.174258 0.984660 0.008901 0.000000 -0.000164 -0.009069 0.999959 0.000000 0.000000 0.000000 0.000000 1.000000
0.991316 0.131493 0.001316 0.133559 -0.131499 0.991287 0.007592 0.000000 -0.000306 -0.007699 0.999970 0.000000 0.000000 0.000000 0.000000 1.000000
0.996146 0.087709 0.000941 0.133559 -0.087713 0.996126 0.006241 0.000000 -0.000390 -0.006299 0.999980 0.000000 0.000000 0.000000 0.000000 1.000000
0.999008 0.044537 0.000630 0.133559 -0.044540 0.998996 0.004899 0.000000 -0.000411 -0.004922 0.999988 0.000000 0.000000 0.000000 0.000000 1.000000
0.999993 0.003635 0.000390 0.133559 -0.003637 0.999987 0.003618 0.000000 -0.000377 -0.003620 0.999993 0.000000 0.000000 0.000000 0.000000 1.000000
0.999444 -0.033354 0.000219 0.133559 0.033353 0.999441 0.002453 0.000000 -0.000301 -0.002445 0.999997 0.000000 0.000000 0.000000 0.000000 1.000000
0.997897 -0.064820 0.000107 0.133559 0.064820 0.997896 0.001457 0.000000 -0.000201 -0.001447 0.999999 0.000000 0.000000 0.000000 0.000000 1.000000
0.996014 -0.089192 0.000042 0.133559 0.089192 0.996014 0.000681 0.000000 -0.000102 -0.000675 1.000000 0.000000 0.000000 0.000000 0.000000 1.000000
0.994479 -0.104936 0.000009 0.133559 0.104936 0.994479 0.000179 0.000000 -0.000028 -0.000177 1.000000 0.000000 0.000000 0.000000 0.000000 1.000000
0.993873 -0.110524 0.000000 0.133559 0.110524 0.993873 -0.000000 0.000000 -0.000000 0.000000 1.000000 0.000000 0.000000 0.000000 0.000000 1.000000</float_array><technique_common><accessor source="#Head-Matrix-animation-output-transform-array" count="31" stride="16"><param type="float4x4"/></accessor></technique_common></source><source id="Head-Interpolations"><Name_array id="Head-Interpolations-array" count="31">
 LINEAR LINEAR LINEAR LINEAR LINEAR LINEAR LINEAR LINEAR LINEAR LINEAR LINEAR
LINEAR LINEAR LINEAR LINEAR LINEAR LINEAR LINEAR LINEAR LINEAR LINEAR LINEAR LINEAR
LINEAR LINEAR LINEAR LINEAR LINEAR LINEAR LINEAR LINEAR</Name_array><technique_common><accessor source="#Head-Interpolations-array" count="31"><param type="name"/></accessor></technique_common></source><sampler id="Head-Matrix-animation-transform"><input semantic="INPUT" source="#Head-Matrix-animation-input"/><input semantic="OUTPUT" source="#Head-Matrix-animation-output-transform"/><input semantic="INTERPOLATION" source="#Head-Interpolations"/></sampler><channel source="#Head-Matrix-animation-transform" target="Head/matrix"/></animation></animation>
    <animation id="M_Hair_Jnt_0-anim" name="M_Hair_Jnt_0"><animation><source id="M_Hair_Jnt_0-Matrix-animation-input"><float_array id="M_Hair_Jnt_0-Matrix-animation-input-array" count="31">

0.000000 0.041667 0.083333 0.125000 0.166667 0.208333 0.250000 0.291667 0.333333 0.375000 0.416667 0.458333 0.500000 0.541667 0.583333 0.625000
0.666667 0.708333 0.750000 0.791667 0.833333 0.875000 0.916667 0.958333 1.000000 1.041667 1.083333 1.125000 1.166667 1.208333 1.250000</float_array><technique_common><accessor source="#M_Hair_Jnt_0-Matrix-animation-input-array" count="31"><param name="TIME" type="float"/></accessor></technique_common></source><source id="M_Hair_Jnt_0-Matrix-animation-output-transform"><float_array id="M_Hair_Jnt_0-Matrix-animation-output-transform-array" count="496">

-0.571578 0.820536 -0.004428 0.191574 0.807559 0.563478 0.174189 0.208364 0.145424 0.095987 -0.984702 -0.007597 0.000000 0.000000 0.000000 1.000000
-0.517221 0.855849 -0.002344 0.191574 0.842414 0.509581 0.175118 0.208364 0.151069 0.088599 -0.984545 -0.007597 0.000000 0.000000 0.000000 1.000000
-0.359900 0.932978 0.004988 0.191574 0.918522 0.353375 0.177325 0.208364 0.163678 0.068401 -0.984140 -0.007597 0.000000 0.000000 0.000000 1.000000
-0.111146 0.993581 0.021032 0.191574 0.978161 0.105632 0.179004 0.208364 0.175633 0.040468 -0.983624 -0.007597 0.000000 0.000000 0.000000 1.000000
0.174368 0.983788 0.041923 0.191574 0.967021 -0.179112 0.181078 0.208364 0.185651 0.008966 -0.982575 -0.007597 0.000000 0.000000 0.000000 1.000000
0.452300 0.889216 0.068697 0.191574 0.870811 -0.456949 0.181347 0.208364 0.192647 -0.022202 -0.981017 -0.007597 0.000000 0.000000 0.000000 1.000000
0.677178 0.728779 0.101547 0.191574 0.708718 -0.683105 0.176315 0.208364 0.197862 -0.047429 -0.979082 -0.007597 0.000000 0.000000 0.000000 1.000000
0.821690 0.552881 0.138378 0.191574 0.531779 -0.831082 0.162833 0.208364 0.205030 -0.060212 -0.976902 -0.007597 0.000000 0.000000 0.000000 1.000000
0.890867 0.419174 0.175068 0.191574 0.398773 -0.906214 0.140559 0.208364 0.217568 -0.055407 -0.974471 -0.007597 0.000000 0.000000 0.000000 1.000000
0.909063 0.361210 0.207680 0.191574 0.344555 -0.931971 0.112743 0.208364 0.234276 -0.030934 -0.971678 -0.007597 0.000000 0.000000 0.000000 1.000000
0.894260 0.381270 0.234375 0.191574 0.372006 -0.924389 0.084360 0.208364 0.248817 0.011749 -0.968479 -0.007597 0.000000 0.000000 0.000000 1.000000
0.848124 0.464165 0.255415 0.191574 0.465300 -0.883128 0.059843 0.208364 0.253341 0.068091 -0.964978 -0.007597 0.000000 0.000000 0.000000 1.000000
0.760333 0.589815 0.272052 0.191574 0.602895 -0.796699 0.042288 0.208364 0.241685 0.131866 -0.961353 -0.007597 0.000000 0.000000 0.000000 1.000000
0.656410 0.699232 0.283197 0.191574 0.724000 -0.689382 0.024004 0.208364 0.212016 0.189279 -0.958761 -0.007597 0.000000 0.000000 0.000000 1.000000
0.544061 0.787355 0.289949 0.191574 0.820226 -0.571872 0.013840 0.208364 0.176711 0.230294 -0.956942 -0.007597 0.000000 0.000000 0.000000 1.000000
0.486403 0.823376 0.292342 0.191574 0.859229 -0.511474 0.010959 0.208364 0.158548 0.245858 -0.956251 -0.007597 0.000000 0.000000 0.000000 1.000000
0.544061 0.787355 0.289949 0.191574 0.820226 -0.571872 0.013840 0.208364 0.176711 0.230294 -0.956942 -0.007597 0.000000 0.000000 0.000000 1.000000
0.656410 0.699232 0.283197 0.191574 0.724000 -0.689382 0.024004 0.208364 0.212016 0.189279 -0.958761 -0.007597 0.000000 0.000000 0.000000 1.000000
0.760333 0.589815 0.272052 0.191574 0.602895 -0.796699 0.042288 0.208364 0.241685 0.131866 -0.961353 -0.007597 0.000000 0.000000 0.000000 1.000000
0.848124 0.464164 0.255415 0.191574 0.465300 -0.883128 0.059842 0.208364 0.253341 0.068091 -0.964978 -0.007597 0.000000 0.000000 0.000000 1.000000
0.894260 0.381270 0.234375 0.191574 0.372006 -0.924389 0.084360 0.208364 0.248817 0.011749 -0.968479 -0.007597 0.000000 0.000000 0.000000 1.000000
0.909063 0.361210 0.207680 0.191574 0.344555 -0.931971 0.112743 0.208364 0.234276 -0.030934 -0.971678 -0.007597 0.000000 0.000000 0.000000 1.000000
0.890867 0.419174 0.175068 0.191574 0.398773 -0.906214 0.140559 0.208364 0.217568 -0.055407 -0.974471 -0.007597 0.000000 0.000000 0.000000 1.000000
0.821690 0.552881 0.138378 0.191574 0.531779 -0.831082 0.162833 0.208364 0.205030 -0.060212 -0.976902 -0.007597 0.000000 0.000000 0.000000 1.000000
0.677178 0.728779 0.101547 0.191574 0.708718 -0.683105 0.176315 0.208364 0.197862 -0.047429 -0.979082 -0.007597 0.000000 0.000000 0.000000 1.000000
0.452301 0.889216 0.068697 0.191574 0.870811 -0.456949 0.181347 0.208364 0.192647 -0.022202 -0.981017 -0.007597 0.000000 0.000000 0.000000 1.000000
0.174368 0.983788 0.041922 0.191574 0.967021 -0.179112 0.181078 0.208364 0.185651 0.008966 -0.982575 -0.007597 0.000000 0.000000 0.000000 1.000000
-0.111146 0.993581 0.021032 0.191574 0.978161 0.105632 0.179004 0.208364 0.175633 0.040468 -0.983624 -0.007597 0.000000 0.000000 0.000000 1.000000
-0.359899 0.932978 0.004988 0.191574 0.918522 0.353375 0.177325 0.208364 0.163678 0.068401 -0.984140 -0.007597 0.000000 0.000000 0.000000 1.000000
-0.517221 0.855849 -0.002344 0.191574 0.842414 0.509581 0.175118 0.208364 0.151069 0.088599 -0.984545 -0.007597 0.000000 0.000000 0.000000 1.000000
-0.571578 0.820536 -0.004428 0.191574 0.807559 0.563478 0.174189 0.208364 0.145424 0.095987 -0.984702 -0.007597 0.000000 0.000000 0.000000 1.000000</float_array><technique_common><accessor source="#M_Hair_Jnt_0-Matrix-animation-output-transform-array" count="31" stride="16"><param type="float4x4"/></accessor></technique_common></source><source id="M_Hair_Jnt_0-Interpolations"><Name_array id="M_Hair_Jnt_0-Interpolations-array" count="31">
 LINEAR LINEAR LINEAR LINEAR LINEAR LINEAR LINEAR LINEAR LINEAR LINEAR LINEAR
LINEAR LINEAR LINEAR LINEAR LINEAR LINEAR LINEAR LINEAR LINEAR LINEAR LINEAR LINEAR
LINEAR LINEAR LINEAR LINEAR LINEAR LINEAR LINEAR LINEAR</Name_array><technique_common><accessor source="#M_Hair_Jnt_0-Interpolations-array" count="31"><param type="name"/></accessor></technique_common></source><sampler id="M_Hair_Jnt_0-Matrix-animation-transform"><input semantic="INPUT" source="#M_Hair_Jnt_0-Matrix-animation-input"/><input semantic="OUTPUT" source="#M_Hair_Jnt_0-Matrix-animation-output-transform"/><input semantic="INTERPOLATION" source="#M_Hair_Jnt_0-Interpolations"/></sampler><channel source="#M_Hair_Jnt_0-Matrix-animation-transform" target="M_Hair_Jnt_0/matrix"/></animation></animation>
    <animation id="M_Hair_Jnt_1-anim" name="M_Hair_Jnt_1"><animation><source id="M_Hair_Jnt_1-Matrix-animation-input"><float_array id="M_Hair_Jnt_1-Matrix-animation-input-array" count="31">

0.000000 0.041667 0.083333 0.125000 0.166667 0.208333 0.250000 0.291667 0.333333 0.375000 0.416667 0.458333 0.500000 0.541667 0.583333 0.625000
0.666667 0.708333 0.750000 0.791667 0.833333 0.875000 0.916667 0.958333 1.000000 1.041667 1.083333 1.125000 1.166667 1.208333 1.250000</float_array><technique_common><accessor source="#M_Hair_Jnt_1-Matrix-animation-input-array" count="31"><param name="TIME" type="float"/></accessor></technique_common></source><source id="M_Hair_Jnt_1-Matrix-animation-output-transform"><float_array id="M_Hair_Jnt_1-Matrix-animation-output-transform-array" count="496">

0.978257 0.207381 -0.002409 0.147208 -0.207390 0.978248 -0.004474 -0.000000 0.001429 0.004876 0.999987 -0.004321 0.000000 0.000000 0.000000 1.000000
0.975483 0.220071 -0.001585 0.147208 -0.220075 0.975479 -0.002854 0.000000 0.000918 0.003133 0.999995 -0.004321 0.000000 0.000000 0.000000 1.000000
0.968479 0.249096 0.000259 0.147208 -0.249096 0.968479 0.000190 0.000000 -0.000203 -0.000248 1.000000 -0.004321 0.000000 0.000000 0.000000 1.000000
0.961039 0.276411 0.001412 0.147208 -0.276412 0.961039 0.000974 0.000000 -0.001088 -0.001326 0.999999 -0.004321 0.000000 0.000000 0.000000 1.000000
