<?xml version="1.0" encoding="utf-8"?>
<COLLADA xmlns="http://www.collada.org/2005/11/COLLADASchema" version="1.4.1">
  <asset><contributor><author></author><authoring_tool>FBX COLLADA exporter</authoring_tool><comments></comments></contributor><created>2013-09-23T19:12:48Z</created><keywords></keywords><modified>2013-09-23T19:12:48Z</modified><revision></revision><subject></subject><title></title><unit meter="0.010000" name="centimeter"></unit><up_axis>Y_UP</up_axis></asset>
  <library_animations>
    <animation id="Pelvis-anim" name="Pelvis"><animation><source id="Pelvis-Matrix-animation-input"><float_array id="Pelvis-Matrix-animation-input-array" count="55">

0.041667 0.083333 0.125000 0.166667 0.208333 0.250000 0.291667 0.333333 0.375000 0.416667 0.458333 0.500000 0.541667 0.583333 0.625000 0.666667
0.708333 0.750000 0.791667 0.833333 0.875000 0.916667 0.958333 1.000000 1.041667 1.083333 1.125000 1.166667 1.208333 1.250000 1.291667 1.333333
1.375000 1.416667 1.458333 1.500000 1.541667 1.583333 1.625000 1.666667 1.708333 1.750000 1.791667 1.833333 1.875000 1.916667 1.958333 2.000000
2.041667 2.083333 2.125000 2.166667 2.208333 2.250000 2.291667</float_array><technique_common><accessor source="#Pelvis-Matrix-animation-input-array" count="55"><param name="TIME" type="float"/></accessor></technique_common></source><source id="Pelvis-Matrix-animation-output-transform"><float_array id="Pelvis-Matrix-animation-output-transform-array" count="880">

0.999953 -0.006606 -0.007081 0.000000 0.006076 0.997350 -0.072503 2.300447 0.007542 0.072456 0.997343 -0.084193 0.000000 0.000000 0.000000 1.000000
0.999955 -0.006606 -0.006862 0.001864 0.006091 0.997350 -0.072502 2.299137 0.007323 0.072457 0.997345 -0.080385 0.000000 0.000000 0.000000 1.000000
0.999959 -0.006604 -0.006181 0.007036 0.006139 0.997350 -0.072498 2.295428 0.006644 0.072457 0.997349 -0.069569 0.000000 0.000000 0.000000 1.000000
0.999966 -0.006602 -0.005002 0.014885 0.006222 0.997350 -0.072492 2.289653 0.005467 0.072458 0.997356 -0.052661 0.000000 0.000000 0.000000 1.000000
0.999973 -0.006600 -0.003288 0.024780 0.006344 0.997349 -0.072483 2.282145 0.003757 0.072460 0.997364 -0.030575 0.000000 0.000000 0.000000 1.000000
0.999978 -0.006597 -0.001003 0.036090 0.006507 0.997349 -0.072471 2.273237 0.001478 0.072463 0.997370 -0.004226 0.000000 0.000000 0.000000 1.000000
0.999976 -0.006594 0.001889 0.048184 0.006713 0.997349 -0.072456 2.263263 -0.001406 0.072467 0.997370 0.025471 0.000000 0.000000 0.000000 1.000000
0.999964 -0.006591 0.005424 0.060432 0.006967 0.997349 -0.072436 2.252554 -0.004932 0.072471 0.997358 0.057602 0.000000 0.000000 0.000000 1.000000
0.999932 -0.006589 0.009638 0.072202 0.007270 0.997348 -0.072410 2.241444 -0.009135 0.072475 0.997328 0.091251 0.000000 0.000000 0.000000 1.000000
0.999872 -0.006588 0.014568 0.082864 0.007626 0.997348 -0.072378 2.230266 -0.014052 0.072480 0.997271 0.125505 0.000000 0.000000 0.000000 1.000000
0.999773 -0.006587 0.020249 0.091787 0.008037 0.997348 -0.072337 2.219353 -0.019718 0.072483 0.997175 0.159447 0.000000 0.000000 0.000000 1.000000
0.999621 -0.006588 0.026717 0.099496 0.008505 0.997348 -0.072285 2.208496 -0.026170 0.072485 0.997026 0.197027 0.000000 0.000000 0.000000 1.000000
0.999400 -0.006590 0.034008 0.106537 0.009034 0.997348 -0.072221 2.196429 -0.033441 0.072485 0.996809 0.242353 0.000000 0.000000 0.000000 1.000000
0.999089 -0.006594 0.042156 0.112309 0.009626 0.997348 -0.072141 2.181894 -0.041569 0.072481 0.996503 0.294747 0.000000 0.000000 0.000000 1.000000
0.998667 -0.006599 0.051198 0.116212 0.010284 0.997349 -0.072042 2.163636 -0.050587 0.072472 0.996087 0.353535 0.000000 0.000000 0.000000 1.000000
0.998106 -0.006606 0.061166 0.117646 0.011009 0.997350 -0.071919 2.140399 -0.060529 0.072456 0.995533 0.418042 0.000000 0.000000 0.000000 1.000000
0.996572 -0.006621 0.082468 0.117467 0.012561 0.997346 -0.071714 2.104687 -0.081774 0.072504 0.994010 0.503945 0.000000 0.000000 0.000000 1.000000
0.992982 -0.006633 0.118083 0.116939 0.015140 0.997340 -0.071294 2.057336 -0.117296 0.072582 0.990441 0.611694 0.000000 0.000000 0.000000 1.000000
0.987589 -0.006629 0.156922 0.116080 0.017920 0.997340 -0.070647 2.009592 -0.156037 0.072582 0.985081 0.717772 0.000000 0.000000 0.000000 1.000000
0.982136 -0.006615 0.188057 0.114906 0.020116 0.997346 -0.069974 1.972700 -0.187095 0.072507 0.979662 0.798665 0.000000 0.000000 0.000000 1.000000
0.979611 -0.006606 0.200794 0.113434 0.021004 0.997350 -0.069659 1.957903 -0.199802 0.072456 0.977154 0.830855 0.000000 0.000000 0.000000 1.000000
0.981163 -0.006613 0.193070 0.111680 0.020468 0.997347 -0.069854 1.957907 -0.192096 0.072490 0.978695 0.830848 0.000000 0.000000 0.000000 1.000000
0.984977 -0.006629 0.172556 0.109661 0.019033 0.997342 -0.070334 1.957930 -0.171631 0.072562 0.982485 0.830798 0.000000 0.000000 0.000000 1.000000
0.989667 -0.006644 0.143228 0.107393 0.016959 0.997338 -0.070922 1.957992 -0.142376 0.072618 0.987145 0.830662 0.000000 0.000000 0.000000 1.000000
0.994006 -0.006650 0.109121 0.104893 0.014518 0.997337 -0.071465 1.958114 -0.108356 0.072621 0.991456 0.830398 0.000000 0.000000 0.000000 1.000000
0.997209 -0.006643 0.074359 0.102178 0.012003 0.997342 -0.071873 1.958314 -0.073684 0.072565 0.994638 0.829963 0.000000 0.000000 0.000000 1.000000
0.999048 -0.006625 0.043129 0.099264 0.009728 0.997347 -0.072135 1.958613 -0.042536 0.072486 0.996462 0.829314 0.000000 0.000000 0.000000 1.000000
0.999785 -0.006606 0.019637 0.096168 0.008011 0.997350 -0.072315 1.959030 -0.019107 0.072456 0.997189 0.828408 0.000000 0.000000 0.000000 1.000000
0.999977 -0.006596 0.001776 0.092906 0.006707 0.997348 -0.072467 1.959585 -0.001293 0.072477 0.997369 0.827202 0.000000 0.000000 0.000000 1.000000
0.999865 -0.006590 -0.015071 0.089494 0.005480 0.997348 -0.072580 1.960298 0.015509 0.072488 0.997249 0.825653 0.000000 0.000000 0.000000 1.000000
0.999514 -0.006589 -0.030478 0.085950 0.004359 0.997347 -0.072658 1.961188 0.030876 0.072490 0.996891 0.823720 0.000000 0.000000 0.000000 1.000000
0.999009 -0.006592 -0.044023 0.082291 0.003377 0.997348 -0.072705 1.962275 0.044386 0.072484 0.996381 0.821358 0.000000 0.000000 0.000000 1.000000
0.998449 -0.006596 -0.055285 0.078531 0.002561 0.997348 -0.072730 1.963579 0.055618 0.072475 0.995818 0.818525 0.000000 0.000000 0.000000 1.000000
0.997938 -0.006601 -0.063846 0.074689 0.001943 0.997349 -0.072740 1.965119 0.064157 0.072466 0.995305 0.815179 0.000000 0.000000 0.000000 1.000000
0.997575 -0.006605 -0.069288 0.070781 0.001551 0.997350 -0.072743 1.966916 0.069585 0.072459 0.994941 0.811275 0.000000 0.000000 0.000000 1.000000
0.997440 -0.006606 -0.071196 0.066822 0.001414 0.997350 -0.072743 1.968988 0.071487 0.072456 0.994806 0.806773 0.000000 0.000000 0.000000 1.000000
0.997464 -0.006606 -0.070871 0.062831 0.001437 0.997350 -0.072744 1.971356 0.071164 0.072457 0.994829 0.801628 0.000000 0.000000 0.000000 1.000000
0.997530 -0.006606 -0.069936 0.058823 0.001505 0.997349 -0.072744 1.974040 0.070231 0.072459 0.994896 0.795799 0.000000 0.000000 0.000000 1.000000
0.997633 -0.006606 -0.068445 0.054815 0.001614 0.997349 -0.072745 1.977058 0.068744 0.072463 0.994999 0.789241 0.000000 0.000000 0.000000 1.000000
0.997768 -0.006606 -0.066453 0.050824 0.001758 0.997349 -0.072746 1.980431 0.066758 0.072467 0.995134 0.781913 0.000000 0.000000 0.000000 1.000000
0.997927 -0.006606 -0.064016 0.046866 0.001936 0.997349 -0.072746 1.984179 0.064327 0.072471 0.995294 0.773772 0.000000 0.000000 0.000000 1.000000
0.998104 -0.006606 -0.061190 0.042957 0.002141 0.997348 -0.072745 1.988320 0.061509 0.072476 0.995472 0.764774 0.000000 0.000000 0.000000 1.000000
0.998293 -0.006606 -0.058030 0.039115 0.002371 0.997348 -0.072743 1.992876 0.058356 0.072481 0.995661 0.754878 0.000000 0.000000 0.000000 1.000000
0.998487 -0.006605 -0.054591 0.035356 0.002621 0.997348 -0.072738 1.997865 0.054926 0.072485 0.995856 0.744039 0.000000 0.000000 0.000000 1.000000
0.998680 -0.006605 -0.050928 0.031696 0.002887 0.997347 -0.072732 2.003307 0.051274 0.072489 0.996050 0.732216 0.000000 0.000000 0.000000 1.000000
0.998868 -0.006605 -0.047099 0.028152 0.003166 0.997347 -0.072723 2.009223 0.047454 0.072491 0.996239 0.719365 0.000000 0.000000 0.000000 1.000000
0.999046 -0.006605 -0.043157 0.024741 0.003453 0.997347 -0.072711 2.031695 0.043522 0.072493 0.996419 0.648675 0.000000 0.000000 0.000000 1.000000
0.999211 -0.006605 -0.039158 0.021479 0.003744 0.997347 -0.072698 2.077657 0.039535 0.072494 0.996585 0.496660 0.000000 0.000000 0.000000 1.000000
0.999360 -0.006605 -0.035160 0.018382 0.004035 0.997347 -0.072681 2.133401 0.035546 0.072493 0.996735 0.313263 0.000000 0.000000 0.000000 1.000000
0.999491 -0.006605 -0.031216 0.015468 0.004321 0.997347 -0.072663 2.185220 0.031613 0.072491 0.996868 0.148428 0.000000 0.000000 0.000000 1.000000
0.999603 -0.006605 -0.027383 0.012753 0.004600 0.997347 -0.072643 2.219408 0.027790 0.072489 0.996982 0.052098 0.000000 0.000000 0.000000 1.000000
0.999697 -0.006605 -0.023717 0.010253 0.004867 0.997348 -0.072622 2.238623 0.024134 0.072485 0.997077 0.011528 0.000000 0.000000 0.000000 1.000000
0.999773 -0.006605 -0.020273 0.007985 0.005117 0.997348 -0.072601 2.254802 0.020699 0.072481 0.997155 -0.020067 0.000000 0.000000 0.000000 1.000000
0.999832 -0.006606 -0.017108 0.005966 0.005347 0.997348 -0.072580 2.268153 0.017542 0.072476 0.997216 -0.043811 0.000000 0.000000 0.000000 1.000000
0.999876 -0.006606 -0.014276 0.004212 0.005553 0.997349 -0.072560 2.278883 0.014718 0.072471 0.997262 -0.060824 0.000000 0.000000 0.000000 1.000000</float_array><technique_common><accessor source="#Pelvis-Matrix-animation-output-transform-array" count="55" stride="16"><param type="float4x4"/></accessor></technique_common></source><source id="Pelvis-Interpolations"><Name_array id="Pelvis-Interpolations-array" count="55">
 LINEAR LINEAR LINEAR LINEAR LINEAR LINEAR LINEAR LINEAR LINEAR LINEAR LINEAR
LINEAR LINEAR LINEAR LINEAR LINEAR LINEAR LINEAR LINEAR LINEAR LINEAR LINEAR LINEAR
LINEAR LINEAR LINEAR LINEAR LINEAR LINEAR LINEAR LINEAR LINEAR LINEAR LINEAR LINEAR
LINEAR LINEAR LINEAR LINEAR LINEAR LINEAR LINEAR LINEAR LINEAR LINEAR LINEAR LINEAR
LINEAR LINEAR LINEAR LINEAR LINEAR LINEAR LINEAR LINEAR</Name_array><technique_common><accessor source="#Pelvis-Interpolations-array" count="55"><param type="name"/></accessor></technique_common></source><sampler id="Pelvis-Matrix-animation-transform"><input semantic="INPUT" source="#Pelvis-Matrix-animation-input"/><input semantic="OUTPUT" source="#Pelvis-Matrix-animation-output-transform"/><input semantic="INTERPOLATION" source="#Pelvis-Interpolations"/></sampler><channel source="#Pelvis-Matrix-animation-transform" target="Pelvis/matrix"/></animation></animation>
    <animation id="Spine_01-anim" name="Spine_01"><animation><source id="Spine_01-Matrix-animation-input"><float_array id="Spine_01-Matrix-animation-input-array" count="55">

0.041667 0.083333 0.125000 0.166667 0.208333 0.250000 0.291667 0.333333 0.375000 0.416667 0.458333 0.500000 0.541667 0.583333 0.625000 0.666667
0.708333 0.750000 0.791667 0.833333 0.875000 0.916667 0.958333 1.000000 1.041667 1.083333 1.125000 1.166667 1.208333 1.250000 1.291667 1.333333
1.375000 1.416667 1.458333 1.500000 1.541667 1.583333 1.625000 1.666667 1.708333 1.750000 1.791667 1.833333 1.875000 1.916667 1.958333 2.000000
2.041667 2.083333 2.125000 2.166667 2.208333 2.250000 2.291667</float_array><technique_common><accessor source="#Spine_01-Matrix-animation-input-array" count="55"><param name="TIME" type="float"/></accessor></technique_common></source><source id="Spine_01-Matrix-animation-output-transform"><float_array id="Spine_01-Matrix-animation-output-transform-array" count="880">

0.000000 -0.000000 1.000000 -0.000000 0.997390 0.072196 -0.000000 0.211260 -0.072196 0.997390 0.000000 0.059226 0.000000 0.000000 0.000000 1.000000
0.000000 -0.000000 1.000000 0.000000 0.997390 0.072196 -0.000000 0.211260 -0.072196 0.997390 0.000000 0.059226 0.000000 0.000000 0.000000 1.000000
0.000000 -0.000000 1.000000 0.000000 0.997390 0.072196 -0.000000 0.211260 -0.072196 0.997390 0.000000 0.059226 0.000000 0.000000 0.000000 1.000000
0.000000 -0.000000 1.000000 -0.000000 0.997390 0.072196 -0.000000 0.211260 -0.072196 0.997390 0.000000 0.059226 0.000000 0.000000 0.000000 1.000000
0.000000 -0.000000 1.000000 0.000000 0.997390 0.072196 -0.000000 0.211260 -0.072196 0.997390 0.000000 0.059226 0.000000 0.000000 0.000000 1.000000
0.000000 -0.000000 1.000000 0.000000 0.997390 0.072196 -0.000000 0.211260 -0.072196 0.997390 0.000000 0.059226 0.000000 0.000000 0.000000 1.000000
0.000000 -0.000000 1.000000 0.000000 0.997390 0.072196 -0.000000 0.211260 -0.072196 0.997390 0.000000 0.059226 0.000000 0.000000 0.000000 1.000000
0.000000 -0.000000 1.000000 0.000000 0.997390 0.072196 -0.000000 0.211260 -0.072196 0.997390 0.000000 0.059226 0.000000 0.000000 0.000000 1.000000
0.000000 -0.000000 1.000000 0.000000 0.997390 0.072196 -0.000000 0.211260 -0.072196 0.997390 0.000000 0.059226 0.000000 0.000000 0.000000 1.000000
0.000000 -0.000000 1.000000 -0.000000 0.997390 0.072196 -0.000000 0.211260 -0.072196 0.997390 0.000000 0.059226 0.000000 0.000000 0.000000 1.000000
0.000000 -0.000000 1.000000 0.000000 0.997390 0.072196 -0.000000 0.211260 -0.072196 0.997390 0.000000 0.059226 0.000000 0.000000 0.000000 1.000000
0.000000 -0.000000 1.000000 -0.000000 0.997390 0.072196 -0.000000 0.211260 -0.072196 0.997390 0.000000 0.059226 0.000000 0.000000 0.000000 1.000000
0.000000 -0.000000 1.000000 0.000000 0.997390 0.072196 -0.000000 0.211260 -0.072196 0.997390 0.000000 0.059226 0.000000 0.000000 0.000000 1.000000
0.000000 -0.000000 1.000000 -0.000000 0.997390 0.072196 -0.000000 0.211260 -0.072196 0.997390 0.000000 0.059226 0.000000 0.000000 0.000000 1.000000
0.000000 -0.000000 1.000000 0.000000 0.997390 0.072196 -0.000000 0.211260 -0.072196 0.997390 0.000000 0.059226 0.000000 0.000000 0.000000 1.000000
0.000000 -0.000000 1.000000 -0.000000 0.997390 0.072196 -0.000000 0.211260 -0.072196 0.997390 0.000000 0.059226 0.000000 0.000000 0.000000 1.000000
0.000000 -0.000000 1.000000 0.000000 0.997390 0.072196 -0.000000 0.211260 -0.072196 0.997390 0.000000 0.059226 0.000000 0.000000 0.000000 1.000000
0.000000 -0.000000 1.000000 0.000000 0.997390 0.072196 -0.000000 0.211260 -0.072196 0.997390 0.000000 0.059226 0.000000 0.000000 0.000000 1.000000
0.000000 -0.000000 1.000000 0.000000 0.997390 0.072196 -0.000000 0.211260 -0.072196 0.997390 0.000000 0.059226 0.000000 0.000000 0.000000 1.000000
0.000000 -0.000000 1.000000 -0.000000 0.997390 0.072196 -0.000000 0.211260 -0.072196 0.997390 0.000000 0.059226 0.000000 0.000000 0.000000 1.000000
0.000000 -0.000000 1.000000 -0.000000 0.997390 0.072196 -0.000000 0.211260 -0.072196 0.997390 0.000000 0.059226 0.000000 0.000000 0.000000 1.000000
0.000000 -0.000000 1.000000 0.000000 0.997390 0.072196 -0.000000 0.211260 -0.072196 0.997390 0.000000 0.059226 0.000000 0.000000 0.000000 1.000000
0.000000 -0.000000 1.000000 0.000000 0.997390 0.072196 -0.000000 0.211260 -0.072196 0.997390 0.000000 0.059226 0.000000 0.000000 0.000000 1.000000
0.000000 -0.000000 1.000000 0.000000 0.997390 0.072196 -0.000000 0.211260 -0.072196 0.997390 0.000000 0.059226 0.000000 0.000000 0.000000 1.000000
0.000000 -0.000000 1.000000 0.000000 0.997390 0.072196 -0.000000 0.211260 -0.072196 0.997390 0.000000 0.059226 0.000000 0.000000 0.000000 1.000000
0.000000 -0.000000 1.000000 0.000000 0.997390 0.072196 -0.000000 0.211260 -0.072196 0.997390 0.000000 0.059226 0.000000 0.000000 0.000000 1.000000
0.000000 -0.000000 1.000000 -0.000000 0.997390 0.072196 -0.000000 0.211260 -0.072196 0.997390 0.000000 0.059226 0.000000 0.000000 0.000000 1.000000
0.000000 -0.000000 1.000000 0.000000 0.997390 0.072196 -0.000000 0.211260 -0.072196 0.997390 0.000000 0.059226 0.000000 0.000000 0.000000 1.000000
0.000000 -0.000000 1.000000 0.000000 0.997390 0.072196 -0.000000 0.211260 -0.072196 0.997390 0.000000 0.059226 0.000000 0.000000 0.000000 1.000000
0.000000 -0.000000 1.000000 0.000000 0.997390 0.072196 -0.000000 0.211260 -0.072196 0.997390 0.000000 0.059226 0.000000 0.000000 0.000000 1.000000
0.000000 -0.000000 1.000000 -0.000000 0.997390 0.072196 -0.000000 0.211260 -0.072196 0.997390 0.000000 0.059226 0.000000 0.000000 0.000000 1.000000
0.000000 -0.000000 1.000000 0.000000 0.997390 0.072196 -0.000000 0.211260 -0.072196 0.997390 0.000000 0.059226 0.000000 0.000000 0.000000 1.000000
0.000000 -0.000000 1.000000 -0.000000 0.997390 0.072196 -0.000000 0.211260 -0.072196 0.997390 0.000000 0.059226 0.000000 0.000000 0.000000 1.000000
0.000000 -0.000000 1.000000 -0.000000 0.997390 0.072196 -0.000000 0.211260 -0.072196 0.997390 0.000000 0.059226 0.000000 0.000000 0.000000 1.000000
0.000000 -0.000000 1.000000 0.000000 0.997390 0.072196 -0.000000 0.211260 -0.072196 0.997390 0.000000 0.059226 0.000000 0.000000 0.000000 1.000000
0.000000 -0.000000 1.000000 -0.000000 0.997390 0.072196 -0.000000 0.211260 -0.072196 0.997390 0.000000 0.059226 0.000000 0.000000 0.000000 1.000000
0.000000 -0.000000 1.000000 0.000000 0.997390 0.072196 -0.000000 0.211260 -0.072196 0.997390 0.000000 0.059226 0.000000 0.000000 0.000000 1.000000
0.000000 -0.000000 1.000000 0.000000 0.997390 0.072196 -0.000000 0.211260 -0.072196 0.997390 0.000000 0.059226 0.000000 0.000000 0.000000 1.000000
0.000000 -0.000000 1.000000 -0.000000 0.997390 0.072196 -0.000000 0.211260 -0.072196 0.997390 0.000000 0.059226 0.000000 0.000000 0.000000 1.000000
0.000000 -0.000000 1.000000 -0.000000 0.997390 0.072196 -0.000000 0.211260 -0.072196 0.997390 0.000000 0.059226 0.000000 0.000000 0.000000 1.000000
0.000000 -0.000000 1.000000 0.000000 0.997390 0.072196 -0.000000 0.211260 -0.072196 0.997390 0.000000 0.059226 0.000000 0.000000 0.000000 1.000000
0.000000 -0.000000 1.000000 0.000000 0.997390 0.072196 -0.000000 0.211260 -0.072196 0.997390 0.000000 0.059226 0.000000 0.000000 0.000000 1.000000
0.000000 -0.000000 1.000000 -0.000000 0.997390 0.072196 -0.000000 0.211260 -0.072196 0.997390 0.000000 0.059226 0.000000 0.000000 0.000000 1.000000
0.000000 -0.000000 1.000000 -0.000000 0.997390 0.072196 -0.000000 0.211260 -0.072196 0.997390 0.000000 0.059226 0.000000 0.000000 0.000000 1.000000
0.000000 -0.000000 1.000000 -0.000000 0.997390 0.072196 -0.000000 0.211260 -0.072196 0.997390 0.000000 0.059226 0.000000 0.000000 0.000000 1.000000
0.000000 -0.000000 1.000000 0.000000 0.997390 0.072196 -0.000000 0.211260 -0.072196 0.997390 0.000000 0.059226 0.000000 0.000000 0.000000 1.000000
0.000000 -0.000000 1.000000 0.000000 0.997390 0.072196 -0.000000 0.211260 -0.072196 0.997390 0.000000 0.059226 0.000000 0.000000 0.000000 1.000000
0.000000 -0.000000 1.000000 0.000000 0.997390 0.072196 -0.000000 0.211260 -0.072196 0.997390 0.000000 0.059226 0.000000 0.000000 0.000000 1.000000
0.000000 -0.000000 1.000000 0.000000 0.997390 0.072196 -0.000000 0.211260 -0.072196 0.997390 0.000000 0.059226 0.000000 0.000000 0.000000 1.000000
0.000000 -0.000000 1.000000 -0.000000 0.997390 0.072196 -0.000000 0.211260 -0.072196 0.997390 0.000000 0.059226 0.000000 0.000000 0.000000 1.000000
0.000000 -0.000000 1.000000 0.000000 0.997390 0.072196 -0.000000 0.211260 -0.072196 0.997390 0.000000 0.059226 0.000000 0.000000 0.000000 1.000000
0.000000 -0.000000 1.000000 -0.000000 0.997390 0.072196 -0.000000 0.211260 -0.072196 0.997390 0.000000 0.059226 0.000000 0.000000 0.000000 1.000000
0.000000 -0.000000 1.000000 0.000000 0.997390 0.072196 -0.000000 0.211260 -0.072196 0.997390 0.000000 0.059226 0.000000 0.000000 0.000000 1.000000
0.000000 -0.000000 1.000000 -0.000000 0.997390 0.072196 -0.000000 0.211260 -0.072196 0.997390 0.000000 0.059226 0.000000 0.000000 0.000000 1.000000
0.000000 -0.000000 1.000000 0.000000 0.997390 0.072196 -0.000000 0.211260 -0.072196 0.997390 0.000000 0.059226 0.000000 0.000000 0.000000 1.000000</float_array><technique_common><accessor source="#Spine_01-Matrix-animation-output-transform-array" count="55" stride="16"><param type="float4x4"/></accessor></technique_common></source><source id="Spine_01-Interpolations"><Name_array id="Spine_01-Interpolations-array" count="55">
 LINEAR LINEAR LINEAR LINEAR LINEAR LINEAR LINEAR LINEAR LINEAR LINEAR LINEAR
LINEAR LINEAR LINEAR LINEAR LINEAR LINEAR LINEAR LINEAR LINEAR LINEAR LINEAR LINEAR
LINEAR LINEAR LINEAR LINEAR LINEAR LINEAR LINEAR LINEAR LINEAR LINEAR LINEAR LINEAR
LINEAR LINEAR LINEAR LINEAR LINEAR LINEAR LINEAR LINEAR LINEAR LINEAR LINEAR LINEAR
LINEAR LINEAR LINEAR LINEAR LINEAR LINEAR LINEAR LINEAR</Name_array><technique_common><accessor source="#Spine_01-Interpolations-array" count="55"><param type="name"/></accessor></technique_common></source><sampler id="Spine_01-Matrix-animation-transform"><input semantic="INPUT" source="#Spine_01-Matrix-animation-input"/><input semantic="OUTPUT" source="#Spine_01-Matrix-animation-output-transform"/><input semantic="INTERPOLATION" source="#Spine_01-Interpolations"/></sampler><channel source="#Spine_01-Matrix-animation-transform" target="Spine_01/matrix"/></animation></animation>
    <animation id="Spine_02-anim" name="Spine_02"><animation><source id="Spine_02-Matrix-animation-input"><float_array id="Spine_02-Matrix-animation-input-array" count="55">

0.041667 0.083333 0.125000 0.166667 0.208333 0.250000 0.291667 0.333333 0.375000 0.416667 0.458333 0.500000 0.541667 0.583333 0.625000 0.666667
0.708333 0.750000 0.791667 0.833333 0.875000 0.916667 0.958333 1.000000 1.041667 1.083333 1.125000 1.166667 1.208333 1.250000 1.291667 1.333333
1.375000 1.416667 1.458333 1.500000 1.541667 1.583333 1.625000 1.666667 1.708333 1.750000 1.791667 1.833333 1.875000 1.916667 1.958333 2.000000
2.041667 2.083333 2.125000 2.166667 2.208333 2.250000 2.291667</float_array><technique_common><accessor source="#Spine_02-Matrix-animation-input-array" count="55"><param name="TIME" type="float"/></accessor></technique_common></source><source id="Spine_02-Matrix-animation-output-transform"><float_array id="Spine_02-Matrix-animation-output-transform-array" count="880">

0.976719 0.214524 0.000000 0.204170 -0.214524 0.976719 0.000000 -0.000000 -0.000000 -0.000000 1.000000 -0.000000 0.000000 0.000000 0.000000 1.000000
0.976719 0.214524 0.000000 0.204170 -0.214524 0.976719 0.000000 -0.000000 -0.000000 -0.000000 1.000000 -0.000000 0.000000 0.000000 0.000000 1.000000
0.976719 0.214524 0.000000 0.204170 -0.214524 0.976719 0.000000 -0.000000 -0.000000 -0.000000 1.000000 -0.000000 0.000000 0.000000 0.000000 1.000000
0.976719 0.214524 0.000000 0.204170 -0.214524 0.976719 0.000000 -0.000000 -0.000000 -0.000000 1.000000 -0.000000 0.000000 0.000000 0.000000 1.000000
0.976719 0.214524 0.000000 0.204170 -0.214524 0.976719 0.000000 -0.000000 -0.000000 -0.000000 1.000000 -0.000000 0.000000 0.000000 0.000000 1.000000
0.976719 0.214524 0.000000 0.204170 -0.214524 0.976719 0.000000 -0.000000 -0.000000 -0.000000 1.000000 -0.000000 0.000000 0.000000 0.000000 1.000000
0.976719 0.214524 0.000000 0.204170 -0.214524 0.976719 0.000000 -0.000000 -0.000000 -0.000000 1.000000 -0.000000 0.000000 0.000000 0.000000 1.000000
0.976719 0.214524 0.000000 0.204170 -0.214524 0.976719 0.000000 -0.000000 -0.000000 -0.000000 1.000000 -0.000000 0.000000 0.000000 0.000000 1.000000
0.976719 0.214524 0.000000 0.204170 -0.214524 0.976719 0.000000 -0.000000 -0.000000 -0.000000 1.000000 -0.000000 0.000000 0.000000 0.000000 1.000000
0.976719 0.214524 0.000000 0.204170 -0.214524 0.976719 0.000000 -0.000000 -0.000000 -0.000000 1.000000 -0.000000 0.000000 0.000000 0.000000 1.000000
0.976719 0.214524 0.000000 0.204170 -0.214524 0.976719 0.000000 -0.000000 -0.000000 -0.000000 1.000000 -0.000000 0.000000 0.000000 0.000000 1.000000
0.976719 0.214524 0.000000 0.204170 -0.214524 0.976719 0.000000 0.000000 -0.000000 -0.000000 1.000000 -0.000000 0.000000 0.000000 0.000000 1.000000
0.976719 0.214524 0.000000 0.204170 -0.214524 0.976719 0.000000 0.000000 -0.000000 -0.000000 1.000000 -0.000000 0.000000 0.000000 0.000000 1.000000
0.976719 0.214524 0.000000 0.204170 -0.214524 0.976719 0.000000 -0.000000 -0.000000 -0.000000 1.000000 -0.000000 0.000000 0.000000 0.000000 1.000000
0.976719 0.214524 0.000000 0.204170 -0.214524 0.976719 0.000000 0.000000 -0.000000 -0.000000 1.000000 -0.000000 0.000000 0.000000 0.000000 1.000000
0.976719 0.214524 -0.000000 0.204170 -0.214524 0.976719 0.000000 0.000000 0.000000 -0.000000 1.000000 -0.000000 0.000000 0.000000 0.000000 1.000000
0.976719 0.214524 0.000000 0.204170 -0.214524 0.976719 0.000000 0.000000 -0.000000 -0.000000 1.000000 -0.000000 0.000000 0.000000 0.000000 1.000000
0.976719 0.214524 0.000000 0.204170 -0.214524 0.976719 0.000000 0.000000 -0.000000 -0.000000 1.000000 -0.000000 0.000000 0.000000 0.000000 1.000000
0.976719 0.214524 -0.000000 0.204170 -0.214524 0.976719 0.000000 0.000000 0.000000 -0.000000 1.000000 -0.000000 0.000000 0.000000 0.000000 1.000000
0.976719 0.214524 0.000000 0.204170 -0.214524 0.976719 0.000000 0.000000 -0.000000 -0.000000 1.000000 -0.000000 0.000000 0.000000 0.000000 1.000000
0.976719 0.214524 0.000000 0.204170 -0.214524 0.976719 0.000000 0.000000 -0.000000 -0.000000 1.000000 0.000000 0.000000 0.000000 0.000000 1.000000
0.976719 0.214524 0.000000 0.204170 -0.214524 0.976719 0.000000 0.000000 -0.000000 -0.000000 1.000000 -0.000000 0.000000 0.000000 0.000000 1.000000
0.976719 0.214524 0.000000 0.204170 -0.214524 0.976719 0.000000 -0.000000 -0.000000 -0.000000 1.000000 -0.000000 0.000000 0.000000 0.000000 1.000000
0.976719 0.214524 0.000000 0.204170 -0.214524 0.976719 0.000000 -0.000000 -0.000000 -0.000000 1.000000 0.000000 0.000000 0.000000 0.000000 1.000000
0.976719 0.214524 0.000000 0.204170 -0.214524 0.976719 0.000000 0.000000 -0.000000 -0.000000 1.000000 -0.000000 0.000000 0.000000 0.000000 1.000000
0.976719 0.214524 0.000000 0.204170 -0.214524 0.976719 0.000000 0.000000 -0.000000 -0.000000 1.000000 -0.000000 0.000000 0.000000 0.000000 1.000000
0.976719 0.214524 0.000000 0.204170 -0.214524 0.976719 0.000000 -0.000000 -0.000000 -0.000000 1.000000 -0.000000 0.000000 0.000000 0.000000 1.000000
0.976719 0.214524 0.000000 0.204170 -0.214524 0.976719 0.000000 0.000000 -0.000000 -0.000000 1.000000 -0.000000 0.000000 0.000000 0.000000 1.000000
0.976719 0.214524 0.000000 0.204170 -0.214524 0.976719 0.000000 -0.000000 -0.000000 -0.000000 1.000000 -0.000000 0.000000 0.000000 0.000000 1.000000
0.976719 0.214524 0.000000 0.204170 -0.214524 0.976719 0.000000 0.000000 -0.000000 -0.000000 1.000000 -0.000000 0.000000 0.000000 0.000000 1.000000
0.976719 0.214524 0.000000 0.204170 -0.214524 0.976719 0.000000 -0.000000 -0.000000 -0.000000 1.000000 -0.000000 0.000000 0.000000 0.000000 1.000000
0.976719 0.214524 0.000000 0.204170 -0.214524 0.976719 0.000000 -0.000000 -0.000000 -0.000000 1.000000 -0.000000 0.000000 0.000000 0.000000 1.000000
0.976719 0.214524 0.000000 0.204170 -0.214524 0.976719 0.000000 0.000000 -0.000000 -0.000000 1.000000 -0.000000 0.000000 0.000000 0.000000 1.000000
0.976719 0.214524 0.000000 0.204170 -0.214524 0.976719 0.000000 0.000000 -0.000000 -0.000000 1.000000 -0.000000 0.000000 0.000000 0.000000 1.000000
0.976719 0.214524 0.000000 0.204170 -0.214524 0.976719 0.000000 -0.000000 -0.000000 -0.000000 1.000000 -0.000000 0.000000 0.000000 0.000000 1.000000
0.976719 0.214524 0.000000 0.204170 -0.214524 0.976719 0.000000 -0.000000 -0.000000 -0.000000 1.000000 -0.000000 0.000000 0.000000 0.000000 1.000000
0.976719 0.214524 0.000000 0.204170 -0.214524 0.976719 0.000000 0.000000 -0.000000 -0.000000 1.000000 -0.000000 0.000000 0.000000 0.000000 1.000000
0.976719 0.214524 0.000000 0.204170 -0.214524 0.976719 0.000000 -0.000000 -0.000000 -0.000000 1.000000 -0.000000 0.000000 0.000000 0.000000 1.000000
0.976719 0.214524 0.000000 0.204170 -0.214524 0.976719 0.000000 -0.000000 -0.000000 -0.000000 1.000000 -0.000000 0.000000 0.000000 0.000000 1.000000
0.976719 0.214524 -0.000000 0.204170 -0.214524 0.976719 0.000000 -0.000000 0.000000 -0.000000 1.000000 0.000000 0.000000 0.000000 0.000000 1.000000
0.976719 0.214524 0.000000 0.204170 -0.214524 0.976719 0.000000 -0.000000 -0.000000 -0.000000 1.000000 -0.000000 0.000000 0.000000 0.000000 1.000000
0.976719 0.214524 0.000000 0.204170 -0.214524 0.976719 0.000000 -0.000000 -0.000000 -0.000000 1.000000 -0.000000 0.000000 0.000000 0.000000 1.000000
0.976719 0.214524 0.000000 0.204170 -0.214524 0.976719 0.000000 0.000000 -0.000000 -0.000000 1.000000 -0.000000 0.000000 0.000000 0.000000 1.000000
0.976719 0.214524 0.000000 0.204170 -0.214524 0.976719 0.000000 0.000000 -0.000000 -0.000000 1.000000 -0.000000 0.000000 0.000000 0.000000 1.000000
0.976719 0.214524 0.000000 0.204170 -0.214524 0.976719 0.000000 0.000000 -0.000000 -0.000000 1.000000 -0.000000 0.000000 0.000000 0.000000 1.000000
0.976719 0.214524 0.000000 0.204170 -0.214524 0.976719 0.000000 -0.000000 -0.000000 -0.000000 1.000000 -0.000000 0.000000 0.000000 0.000000 1.000000
0.976719 0.214524 0.000000 0.204170 -0.214524 0.976719 0.000000 0.000000 -0.000000 -0.000000 1.000000 -0.000000 0.000000 0.000000 0.000000 1.000000
0.976719 0.214524 0.000000 0.204170 -0.214524 0.976719 0.000000 -0.000000 -0.000000 -0.000000 1.000000 -0.000000 0.000000 0.000000 0.000000 1.000000
0.976719 0.214524 0.000000 0.204170 -0.214524 0.976719 0.000000 0.000000 -0.000000 -0.000000 1.000000 -0.000000 0.000000 0.000000 0.000000 1.000000
0.976719 0.214524 0.000000 0.204170 -0.214524 0.976719 0.000000 0.000000 -0.000000 -0.000000 1.000000 -0.000000 0.000000 0.000000 0.000000 1.000000
0.976719 0.214524 0.000000 0.204170 -0.214524 0.976719 0.000000 -0.000000 -0.000000 -0.000000 1.000000 -0.000000 0.000000 0.000000 0.000000 1.000000
0.976719 0.214524 0.000000 0.204170 -0.214524 0.976719 0.000000 -0.000000 -0.000000 -0.000000 1.000000 -0.000000 0.000000 0.000000 0.000000 1.000000
0.976719 0.214524 0.000000 0.204170 -0.214524 0.976719 0.000000 -0.000000 -0.000000 -0.000000 1.000000 -0.000000 0.000000 0.000000 0.000000 1.000000
0.976719 0.214524 0.000000 0.204170 -0.214524 0.976719 0.000000 0.000000 -0.000000 -0.000000 1.000000 -0.000000 0.000000 0.000000 0.000000 1.000000
0.976719 0.214524 0.000000 0.204170 -0.214524 0.976719 0.000000 0.000000 -0.000000 -0.000000 1.000000 -0.000000 0.000000 0.000000 0.000000 1.000000</float_array><technique_common><accessor source="#Spine_02-Matrix-animation-output-transform-array" count="55" stride="16"><param type="float4x4"/></accessor></technique_common></source><source id="Spine_02-Interpolations"><Name_array id="Spine_02-Interpolations-array" count="55">
 LINEAR LINEAR LINEAR LINEAR LINEAR LINEAR LINEAR LINEAR LINEAR LINEAR LINEAR
LINEAR LINEAR LINEAR LINEAR LINEAR LINEAR LINEAR LINEAR LINEAR LINEAR LINEAR LINEAR
LINEAR LINEAR LINEAR LINEAR LINEAR LINEAR LINEAR LINEAR LINEAR LINEAR LINEAR LINEAR
LINEAR LINEAR LINEAR LINEAR LINEAR LINEAR LINEAR LINEAR LINEAR LINEAR LINEAR LINEAR
LINEAR LINEAR LINEAR LINEAR LINEAR LINEAR LINEAR LINEAR</Name_array><technique_common><accessor source="#Spine_02-Interpolations-array" count="55"><param type="name"/></accessor></technique_common></source><sampler id="Spine_02-Matrix-animation-transform"><input semantic="INPUT" source="#Spine_02-Matrix-animation-input"/><input semantic="OUTPUT" source="#Spine_02-Matrix-animation-output-transform"/><input semantic="INTERPOLATION" source="#Spine_02-Interpolations"/></sampler><channel source="#Spine_02-Matrix-animation-transform" target="Spine_02/matrix"/></animation></animation>
    <animation id="Spine_03-anim" name="Spine_03"><animation><source id="Spine_03-Matrix-animation-input"><float_array id="Spine_03-Matrix-animation-input-array" count="55">

0.041667 0.083333 0.125000 0.166667 0.208333 0.250000 0.291667 0.333333 0.375000 0.416667 0.458333 0.500000 0.541667 0.583333 0.625000 0.666667
0.708333 0.750000 0.791667 0.833333 0.875000 0.916667 0.958333 1.000000 1.041667 1.083333 1.125000 1.166667 1.208333 1.250000 1.291667 1.333333
1.375000 1.416667 1.458333 1.500000 1.541667 1.583333 1.625000 1.666667 1.708333 1.750000 1.791667 1.833333 1.875000 1.916667 1.958333 2.000000
2.041667 2.083333 2.125000 2.166667 2.208333 2.250000 2.291667</float_array><technique_common><accessor source="#Spine_03-Matrix-animation-input-array" count="55"><param name="TIME" type="float"/></accessor></technique_common></source><source id="Spine_03-Matrix-animation-output-transform"><float_array id="Spine_03-Matrix-animation-output-transform-array" count="880">

0.967759 0.251309 0.016892 0.299514 0.251271 -0.967907 0.004386 0.000000 0.017452 0.000000 -0.999848 -0.000000 0.000000 0.000000 0.000000 1.000000
0.967759 0.251309 0.016892 0.299514 0.251271 -0.967907 0.004386 0.000000 0.017452 0.000000 -0.999848 -0.000000 0.000000 0.000000 0.000000 1.000000
0.967759 0.251309 0.016892 0.299514 0.251271 -0.967907 0.004386 0.000000 0.017452 0.000000 -0.999848 -0.000000 0.000000 0.000000 0.000000 1.000000
0.967759 0.251309 0.016892 0.299514 0.251271 -0.967907 0.004386 0.000000 0.017452 0.000000 -0.999848 -0.000000 0.000000 0.000000 0.000000 1.000000
0.967759 0.251309 0.016892 0.299514 0.251271 -0.967907 0.004386 0.000000 0.017452 0.000000 -0.999848 -0.000000 0.000000 0.000000 0.000000 1.000000
0.967759 0.251309 0.016892 0.299514 0.251271 -0.967907 0.004386 0.000000 0.017452 0.000000 -0.999848 -0.000000 0.000000 0.000000 0.000000 1.000000
0.967759 0.251309 0.016892 0.299514 0.251271 -0.967907 0.004386 0.000000 0.017452 0.000000 -0.999848 -0.000000 0.000000 0.000000 0.000000 1.000000
0.967759 0.251309 0.016892 0.299514 0.251271 -0.967907 0.004386 0.000000 0.017452 0.000000 -0.999848 -0.000000 0.000000 0.000000 0.000000 1.000000
0.967759 0.251309 0.016892 0.299514 0.251271 -0.967907 0.004386 0.000000 0.017452 0.000000 -0.999848 -0.000000 0.000000 0.000000 0.000000 1.000000
0.967759 0.251309 0.016892 0.299514 0.251271 -0.967907 0.004386 0.000000 0.017452 0.000000 -0.999848 -0.000000 0.000000 0.000000 0.000000 1.000000
0.967759 0.251309 0.016892 0.299514 0.251271 -0.967907 0.004386 0.000000 0.017452 0.000000 -0.999848 -0.000000 0.000000 0.000000 0.000000 1.000000
0.967759 0.251309 0.016892 0.299514 0.251271 -0.967907 0.004386 0.000000 0.017452 0.000000 -0.999848 -0.000000 0.000000 0.000000 0.000000 1.000000
0.967759 0.251309 0.016892 0.299514 0.251271 -0.967907 0.004386 0.000000 0.017452 0.000000 -0.999848 -0.000000 0.000000 0.000000 0.000000 1.000000
0.967759 0.251309 0.016892 0.299514 0.251271 -0.967907 0.004386 0.000000 0.017452 0.000000 -0.999848 -0.000000 0.000000 0.000000 0.000000 1.000000
0.967759 0.251309 0.016892 0.299514 0.251271 -0.967907 0.004386 0.000000 0.017452 0.000000 -0.999848 -0.000000 0.000000 0.000000 0.000000 1.000000
0.967759 0.251309 0.016892 0.299514 0.251271 -0.967907 0.004386 0.000000 0.017452 0.000000 -0.999848 -0.000000 0.000000 0.000000 0.000000 1.000000
0.967759 0.251309 0.016892 0.299514 0.251271 -0.967907 0.004386 0.000000 0.017452 0.000000 -0.999848 -0.000000 0.000000 0.000000 0.000000 1.000000
0.967759 0.251309 0.016892 0.299514 0.251271 -0.967907 0.004386 0.000000 0.017452 0.000000 -0.999848 -0.000000 0.000000 0.000000 0.000000 1.000000
0.967759 0.251309 0.016892 0.299514 0.251271 -0.967907 0.004386 0.000000 0.017452 0.000000 -0.999848 -0.000000 0.000000 0.000000 0.000000 1.000000
0.967759 0.251309 0.016892 0.299514 0.251271 -0.967907 0.004386 0.000000 0.017452 0.000000 -0.999848 -0.000000 0.000000 0.000000 0.000000 1.000000
0.967759 0.251309 0.016892 0.299514 0.251271 -0.967907 0.004386 0.000000 0.017452 0.000000 -0.999848 -0.000000 0.000000 0.000000 0.000000 1.000000
0.967759 0.251309 0.016892 0.299514 0.251271 -0.967907 0.004386 0.000000 0.017452 0.000000 -0.999848 -0.000000 0.000000 0.000000 0.000000 1.000000
0.967759 0.251309 0.016892 0.299514 0.251271 -0.967907 0.004386 0.000000 0.017452 0.000000 -0.999848 -0.000000 0.000000 0.000000 0.000000 1.000000
0.967759 0.251309 0.016892 0.299514 0.251271 -0.967907 0.004386 0.000000 0.017452 0.000000 -0.999848 -0.000000 0.000000 0.000000 0.000000 1.000000
0.967759 0.251309 0.016892 0.299514 0.251271 -0.967907 0.004386 -0.000000 0.017452 0.000000 -0.999848 -0.000000 0.000000 0.000000 0.000000 1.000000
0.967759 0.251309 0.016892 0.299514 0.251271 -0.967907 0.004386 0.000000 0.017452 0.000000 -0.999848 -0.000000 0.000000 0.000000 0.000000 1.000000
0.967759 0.251309 0.016892 0.299514 0.251271 -0.967907 0.004386 0.000000 0.017452 0.000000 -0.999848 -0.000000 0.000000 0.000000 0.000000 1.000000
0.967759 0.251309 0.016892 0.299514 0.251271 -0.967907 0.004386 0.000000 0.017452 0.000000 -0.999848 -0.000000 0.000000 0.000000 0.000000 1.000000
0.967759 0.251309 0.016892 0.299514 0.251271 -0.967907 0.004386 0.000000 0.017452 0.000000 -0.999848 -0.000000 0.000000 0.000000 0.000000 1.000000
0.967759 0.251309 0.016892 0.299514 0.251271 -0.967907 0.004386 0.000000 0.017452 0.000000 -0.999848 -0.000000 0.000000 0.000000 0.000000 1.000000
0.967759 0.251309 0.016892 0.299514 0.251271 -0.967907 0.004386 -0.000000 0.017452 0.000000 -0.999848 -0.000000 0.000000 0.000000 0.000000 1.000000
0.967759 0.251309 0.016892 0.299514 0.251271 -0.967907 0.004386 0.000000 0.017452 0.000000 -0.999848 -0.000000 0.000000 0.000000 0.000000 1.000000
0.967759 0.251309 0.016892 0.299514 0.251271 -0.967907 0.004386 0.000000 0.017452 0.000000 -0.999848 -0.000000 0.000000 0.000000 0.000000 1.000000
0.967759 0.251309 0.016892 0.299514 0.251271 -0.967907 0.004386 0.000000 0.017452 0.000000 -0.999848 -0.000000 0.000000 0.000000 0.000000 1.000000
0.967759 0.251309 0.016892 0.299514 0.251271 -0.967907 0.004386 0.000000 0.017452 0.000000 -0.999848 -0.000000 0.000000 0.000000 0.000000 1.000000
0.967759 0.251309 0.016892 0.299514 0.251271 -0.967907 0.004386 0.000000 0.017452 0.000000 -0.999848 -0.000000 0.000000 0.000000 0.000000 1.000000
0.967759 0.251309 0.016892 0.299514 0.251271 -0.967907 0.004386 0.000000 0.017452 0.000000 -0.999848 -0.000000 0.000000 0.000000 0.000000 1.000000
0.967759 0.251309 0.016892 0.299514 0.251271 -0.967907 0.004386 -0.000000 0.017452 0.000000 -0.999848 -0.000000 0.000000 0.000000 0.000000 1.000000
0.967759 0.251309 0.016892 0.299514 0.251271 -0.967907 0.004386 0.000000 0.017452 0.000000 -0.999848 -0.000000 0.000000 0.000000 0.000000 1.000000
0.967759 0.251309 0.016892 0.299514 0.251271 -0.967907 0.004386 0.000000 0.017452 0.000000 -0.999848 -0.000000 0.000000 0.000000 0.000000 1.000000
0.967759 0.251309 0.016892 0.299514 0.251271 -0.967907 0.004386 0.000000 0.017452 0.000000 -0.999848 -0.000000 0.000000 0.000000 0.000000 1.000000
0.967759 0.251309 0.016892 0.299514 0.251271 -0.967907 0.004386 0.000000 0.017452 0.000000 -0.999848 -0.000000 0.000000 0.000000 0.000000 1.000000
0.967759 0.251309 0.016892 0.299514 0.251271 -0.967907 0.004386 0.000000 0.017452 0.000000 -0.999848 -0.000000 0.000000 0.000000 0.000000 1.000000
0.967759 0.251309 0.016892 0.299514 0.251271 -0.967907 0.004386 -0.000000 0.017452 0.000000 -0.999848 -0.000000 0.000000 0.000000 0.000000 1.000000
0.967759 0.251309 0.016892 0.299514 0.251271 -0.967907 0.004386 0.000000 0.017452 0.000000 -0.999848 -0.000000 0.000000 0.000000 0.000000 1.000000
0.967759 0.251309 0.016892 0.299514 0.251271 -0.967907 0.004386 0.000000 0.017452 0.000000 -0.999848 -0.000000 0.000000 0.000000 0.000000 1.000000
0.967759 0.251309 0.016892 0.299514 0.251271 -0.967907 0.004386 0.000000 0.017452 0.000000 -0.999848 -0.000000 0.000000 0.000000 0.000000 1.000000
0.967759 0.251309 0.016892 0.299514 0.251271 -0.967907 0.004386 0.000000 0.017452 0.000000 -0.999848 -0.000000 0.000000 0.000000 0.000000 1.000000
0.967759 0.251309 0.016892 0.299514 0.251271 -0.967907 0.004386 0.000000 0.017452 0.000000 -0.999848 -0.000000 0.000000 0.000000 0.000000 1.000000
0.967759 0.251309 0.016892 0.299514 0.251271 -0.967907 0.004386 0.000000 0.017452 0.000000 -0.999848 -0.000000 0.000000 0.000000 0.000000 1.000000
0.967759 0.251309 0.016892 0.299514 0.251271 -0.967907 0.004386 0.000000 0.017452 0.000000 -0.999848 -0.000000 0.000000 0.000000 0.000000 1.000000
0.967759 0.251309 0.016892 0.299514 0.251271 -0.967907 0.004386 0.000000 0.017452 0.000000 -0.999848 -0.000000 0.000000 0.000000 0.000000 1.000000
