<?xml version="1.0" encoding="utf-8"?>
<COLLADA xmlns="http://www.collada.org/2005/11/COLLADASchema" version="1.4.1">
  <asset><contributor><author></author><authoring_tool>FBX COLLADA exporter</authoring_tool><comments></comments></contributor><created>2013-09-05T09:39:20Z</created><keywords></keywords><modified>2013-09-05T09:39:20Z</modified><revision></revision><subject></subject><title></title><unit meter="0.010000" name="centimeter"></unit><up_axis>Y_UP</up_axis></asset>
  <library_animations>
    <animation id="Pelvis-anim" name="Pelvis"><animation><source id="Pelvis-Matrix-animation-input"><float_array id="Pelvis-Matrix-animation-input-array" count="13">

0.000000 0.083333 0.166667 0.250000 0.333333 0.416667 0.500000 0.583333 0.666667 0.750000 0.833333 0.916667 1.000000</float_array><technique_common><accessor source="#Pelvis-Matrix-animation-input-array" count="13"><param name="TIME" type="float"/></accessor></technique_common></source><source id="Pelvis-Matrix-animation-output-transform"><float_array id="Pelvis-Matrix-animation-output-transform-array" count="208">

0.999953 -0.006606 -0.007081 0.000000 0.006076 0.997350 -0.072503 2.300447 0.007542 0.072456 0.997343 -0.084193 0.000000 0.000000 0.000000 1.000000
0.999896 -0.013608 -0.004712 0.000000 0.012728 0.988153 -0.152943 2.224299 0.006738 0.152867 0.988224 -0.084193 0.000000 0.000000 0.000000 1.000000
0.999113 -0.038211 0.017692 0.000000 0.041986 0.872078 -0.487563 1.889248 0.003202 0.487873 0.872909 -0.084193 0.000000 0.000000 0.000000 1.000000
0.998903 -0.041981 0.020762 0.000000 0.046500 0.836130 -0.546556 1.727611 0.005585 0.546922 0.837165 0.087404 0.000000 0.000000 0.000000 1.000000
0.999123 -0.041292 -0.006905 0.000000 0.032920 0.876758 -0.479804 1.785635 0.025866 0.479156 0.877348 0.667620 0.000000 0.000000 0.000000 1.000000
0.998482 -0.033527 -0.043693 0.000000 0.014678 0.926656 -0.375623 2.401603 0.053082 0.374412 0.925742 1.333703 0.000000 0.000000 0.000000 1.000000
0.997308 -0.021057 -0.070244 0.000000 0.001116 0.962135 -0.272573 2.831510 0.073324 0.271761 0.959567 1.887070 0.000000 0.000000 0.000000 1.000000
0.997069 -0.014859 -0.075052 0.000000 -0.001013 0.978310 -0.207145 3.149247 0.076502 0.206614 0.975427 2.579742 0.000000 0.000000 0.000000 1.000000
0.997069 -0.010518 -0.075783 0.000000 -0.001013 0.988606 -0.150526 3.050780 0.076502 0.150161 0.985697 3.386550 0.000000 0.000000 0.000000 1.000000
0.997069 -0.006503 -0.076232 0.000000 -0.001013 0.995172 -0.098142 2.505195 0.076502 0.097932 0.992248 3.731178 0.000000 0.000000 0.000000 1.000000
0.997069 -0.003094 -0.076447 0.000000 -0.001013 0.998561 -0.053623 1.961117 0.076502 0.053543 0.995631 3.911407 0.000000 0.000000 0.000000 1.000000
0.997069 -0.000562 -0.076507 0.000000 -0.001013 0.999789 -0.020534 1.836108 0.076502 0.020551 0.996858 3.911407 0.000000 0.000000 0.000000 1.000000
0.997069 0.000830 -0.076505 0.000000 -0.001013 0.999997 -0.002354 2.199611 0.076502 0.002425 0.997066 3.911407 0.000000 0.000000 0.000000 1.000000</float_array><technique_common><accessor source="#Pelvis-Matrix-animation-output-transform-array" count="13" stride="16"><param type="float4x4"/></accessor></technique_common></source><source id="Pelvis-Interpolations"><Name_array id="Pelvis-Interpolations-array" count="13">
 LINEAR LINEAR LINEAR LINEAR LINEAR LINEAR LINEAR LINEAR LINEAR LINEAR LINEAR
LINEAR LINEAR</Name_array><technique_common><accessor source="#Pelvis-Interpolations-array" count="13"><param type="name"/></accessor></technique_common></source><sampler id="Pelvis-Matrix-animation-transform"><input semantic="INPUT" source="#Pelvis-Matrix-animation-input"/><input semantic="OUTPUT" source="#Pelvis-Matrix-animation-output-transform"/><input semantic="INTERPOLATION" source="#Pelvis-Interpolations"/></sampler><channel source="#Pelvis-Matrix-animation-transform" target="Pelvis/matrix"/></animation></animation>
    <animation id="Spine_01-anim" name="Spine_01"><animation><source id="Spine_01-Matrix-animation-input"><float_array id="Spine_01-Matrix-animation-input-array" count="13">

0.000000 0.083333 0.166667 0.250000 0.333333 0.416667 0.500000 0.583333 0.666667 0.750000 0.833333 0.916667 1.000000</float_array><technique_common><accessor source="#Spine_01-Matrix-animation-input-array" count="13"><param name="TIME" type="float"/></accessor></technique_common></source><source id="Spine_01-Matrix-animation-output-transform"><float_array id="Spine_01-Matrix-animation-output-transform-array" count="208">

0.000000 -0.000000 1.000000 -0.000000 0.997390 0.072196 -0.000000 0.211260 -0.072196 0.997390 0.000000 0.059226 0.000000 0.000000 0.000000 1.000000
0.000000 -0.000000 1.000000 0.000000 0.997390 0.072196 -0.000000 0.211260 -0.072196 0.997390 0.000000 0.059226 0.000000 0.000000 0.000000 1.000000
0.000000 -0.000000 1.000000 0.000000 0.997390 0.072196 -0.000000 0.211260 -0.072196 0.997390 0.000000 0.059226 0.000000 0.000000 0.000000 1.000000
0.000000 -0.000000 1.000000 0.000000 0.997390 0.072196 -0.000000 0.211260 -0.072196 0.997390 0.000000 0.059226 0.000000 0.000000 0.000000 1.000000
0.000000 -0.000000 1.000000 -0.000000 0.997390 0.072196 -0.000000 0.211260 -0.072196 0.997390 0.000000 0.059226 0.000000 0.000000 0.000000 1.000000
0.000000 -0.000000 1.000000 -0.000000 0.997390 0.072196 -0.000000 0.211260 -0.072196 0.997390 0.000000 0.059226 0.000000 0.000000 0.000000 1.000000
0.000000 -0.000000 1.000000 0.000000 0.997390 0.072196 -0.000000 0.211260 -0.072196 0.997390 0.000000 0.059226 0.000000 0.000000 0.000000 1.000000
0.000000 -0.000000 1.000000 0.000000 0.997390 0.072196 -0.000000 0.211260 -0.072196 0.997390 0.000000 0.059226 0.000000 0.000000 0.000000 1.000000
0.000000 -0.000000 1.000000 0.000000 0.997390 0.072196 -0.000000 0.211260 -0.072196 0.997390 0.000000 0.059226 0.000000 0.000000 0.000000 1.000000
0.000000 -0.000000 1.000000 -0.000000 0.997390 0.072196 -0.000000 0.211260 -0.072196 0.997390 0.000000 0.059226 0.000000 0.000000 0.000000 1.000000
0.000000 -0.000000 1.000000 0.000000 0.997390 0.072196 -0.000000 0.211260 -0.072196 0.997390 0.000000 0.059226 0.000000 0.000000 0.000000 1.000000
0.000000 -0.000000 1.000000 -0.000000 0.997390 0.072196 -0.000000 0.211260 -0.072196 0.997390 0.000000 0.059226 0.000000 0.000000 0.000000 1.000000
0.000000 -0.000000 1.000000 0.000000 0.997390 0.072196 -0.000000 0.211260 -0.072196 0.997390 0.000000 0.059226 0.000000 0.000000 0.000000 1.000000</float_array><technique_common><accessor source="#Spine_01-Matrix-animation-output-transform-array" count="13" stride="16"><param type="float4x4"/></accessor></technique_common></source><source id="Spine_01-Interpolations"><Name_array id="Spine_01-Interpolations-array" count="13">
 LINEAR LINEAR LINEAR LINEAR LINEAR LINEAR LINEAR LINEAR LINEAR LINEAR LINEAR
LINEAR LINEAR</Name_array><technique_common><accessor source="#Spine_01-Interpolations-array" count="13"><param type="name"/></accessor></technique_common></source><sampler id="Spine_01-Matrix-animation-transform"><input semantic="INPUT" source="#Spine_01-Matrix-animation-input"/><input semantic="OUTPUT" source="#Spine_01-Matrix-animation-output-transform"/><input semantic="INTERPOLATION" source="#Spine_01-Interpolations"/></sampler><channel source="#Spine_01-Matrix-animation-transform" target="Spine_01/matrix"/></animation></animation>
    <animation id="Spine_02-anim" name="Spine_02"><animation><source id="Spine_02-Matrix-animation-input"><float_array id="Spine_02-Matrix-animation-input-array" count="13">

0.000000 0.083333 0.166667 0.250000 0.333333 0.416667 0.500000 0.583333 0.666667 0.750000 0.833333 0.916667 1.000000</float_array><technique_common><accessor source="#Spine_02-Matrix-animation-input-array" count="13"><param name="TIME" type="float"/></accessor></technique_common></source><source id="Spine_02-Matrix-animation-output-transform"><float_array id="Spine_02-Matrix-animation-output-transform-array" count="208">

0.978581 0.205860 0.000000 0.204170 -0.205860 0.978581 0.000000 -0.000000 -0.000000 -0.000000 1.000000 -0.000000 0.000000 0.000000 0.000000 1.000000
0.978581 0.205860 0.000000 0.204170 -0.205860 0.978581 0.000000 -0.000000 -0.000000 -0.000000 1.000000 -0.000000 0.000000 0.000000 0.000000 1.000000
0.978581 0.205860 0.000000 0.204170 -0.205860 0.978581 0.000000 0.000000 -0.000000 -0.000000 1.000000 -0.000000 0.000000 0.000000 0.000000 1.000000
0.978581 0.205860 0.000000 0.204170 -0.205860 0.978581 0.000000 0.000000 -0.000000 -0.000000 1.000000 -0.000000 0.000000 0.000000 0.000000 1.000000
0.978581 0.205860 0.000000 0.204170 -0.205860 0.978581 0.000000 0.000000 -0.000000 -0.000000 1.000000 -0.000000 0.000000 0.000000 0.000000 1.000000
0.978581 0.205860 0.000000 0.204170 -0.205860 0.978581 0.000000 -0.000000 -0.000000 -0.000000 1.000000 -0.000000 0.000000 0.000000 0.000000 1.000000
0.978581 0.205860 0.000000 0.204170 -0.205860 0.978581 0.000000 0.000000 -0.000000 -0.000000 1.000000 -0.000000 0.000000 0.000000 0.000000 1.000000
0.978581 0.205860 0.000000 0.204170 -0.205860 0.978581 0.000000 -0.000000 -0.000000 -0.000000 1.000000 -0.000000 0.000000 0.000000 0.000000 1.000000
0.978581 0.205860 0.000000 0.204170 -0.205860 0.978581 0.000000 -0.000000 -0.000000 -0.000000 1.000000 0.000000 0.000000 0.000000 0.000000 1.000000
0.978581 0.205860 0.000000 0.204170 -0.205860 0.978581 0.000000 0.000000 -0.000000 -0.000000 1.000000 0.000000 0.000000 0.000000 0.000000 1.000000
0.978581 0.205860 0.000000 0.204170 -0.205860 0.978581 0.000000 -0.000000 -0.000000 -0.000000 1.000000 -0.000000 0.000000 0.000000 0.000000 1.000000
0.978581 0.205860 0.000000 0.204170 -0.205860 0.978581 0.000000 0.000000 -0.000000 -0.000000 1.000000 0.000000 0.000000 0.000000 0.000000 1.000000
0.978581 0.205860 0.000000 0.204170 -0.205860 0.978581 0.000000 0.000000 -0.000000 -0.000000 1.000000 -0.000000 0.000000 0.000000 0.000000 1.000000</float_array><technique_common><accessor source="#Spine_02-Matrix-animation-output-transform-array" count="13" stride="16"><param type="float4x4"/></accessor></technique_common></source><source id="Spine_02-Interpolations"><Name_array id="Spine_02-Interpolations-array" count="13">
 LINEAR LINEAR LINEAR LINEAR LINEAR LINEAR LINEAR LINEAR LINEAR LINEAR LINEAR
LINEAR LINEAR</Name_array><technique_common><accessor source="#Spine_02-Interpolations-array" count="13"><param type="name"/></accessor></technique_common></source><sampler id="Spine_02-Matrix-animation-transform"><input semantic="INPUT" source="#Spine_02-Matrix-animation-input"/><input semantic="OUTPUT" source="#Spine_02-Matrix-animation-output-transform"/><input semantic="INTERPOLATION" source="#Spine_02-Interpolations"/></sampler><channel source="#Spine_02-Matrix-animation-transform" target="Spine_02/matrix"/></animation></animation>
    <animation id="Spine_03-anim" name="Spine_03"><animation><source id="Spine_03-Matrix-animation-input"><float_array id="Spine_03-Matrix-animation-input-array" count="13">

0.000000 0.083333 0.166667 0.250000 0.333333 0.416667 0.500000 0.583333 0.666667 0.750000 0.833333 0.916667 1.000000</float_array><technique_common><accessor source="#Spine_03-Matrix-animation-input-array" count="13"><param name="TIME" type="float"/></accessor></technique_common></source><source id="Spine_03-Matrix-animation-output-transform"><float_array id="Spine_03-Matrix-animation-output-transform-array" count="208">

0.967759 0.251309 0.016892 0.299514 0.251271 -0.967907 0.004386 0.000000 0.017452 0.000000 -0.999848 -0.000000 0.000000 0.000000 0.000000 1.000000
0.967759 0.251309 0.016892 0.299514 0.251271 -0.967907 0.004386 0.000000 0.017452 0.000000 -0.999848 -0.000000 0.000000 0.000000 0.000000 1.000000
0.967759 0.251309 0.016892 0.299514 0.251271 -0.967907 0.004386 0.000000 0.017452 0.000000 -0.999848 -0.000000 0.000000 0.000000 0.000000 1.000000
0.967759 0.251309 0.016892 0.299514 0.251271 -0.967907 0.004386 0.000000 0.017452 0.000000 -0.999848 -0.000000 0.000000 0.000000 0.000000 1.000000
0.967759 0.251309 0.016892 0.299514 0.251271 -0.967907 0.004386 0.000000 0.017452 0.000000 -0.999848 -0.000000 0.000000 0.000000 0.000000 1.000000
0.967759 0.251309 0.016892 0.299514 0.251271 -0.967907 0.004386 0.000000 0.017452 0.000000 -0.999848 -0.000000 0.000000 0.000000 0.000000 1.000000
0.967759 0.251309 0.016892 0.299514 0.251271 -0.967907 0.004386 0.000000 0.017452 0.000000 -0.999848 -0.000000 0.000000 0.000000 0.000000 1.000000
0.967759 0.251309 0.016892 0.299514 0.251271 -0.967907 0.004386 0.000000 0.017452 0.000000 -0.999848 -0.000000 0.000000 0.000000 0.000000 1.000000
0.967759 0.251309 0.016892 0.299514 0.251271 -0.967907 0.004386 0.000000 0.017452 0.000000 -0.999848 -0.000000 0.000000 0.000000 0.000000 1.000000
0.967759 0.251309 0.016892 0.299514 0.251271 -0.967907 0.004386 0.000000 0.017452 0.000000 -0.999848 0.000000 0.000000 0.000000 0.000000 1.000000
0.967759 0.251309 0.016892 0.299514 0.251271 -0.967907 0.004386 0.000000 0.017452 0.000000 -0.999848 -0.000000 0.000000 0.000000 0.000000 1.000000
0.967759 0.251309 0.016892 0.299514 0.251271 -0.967907 0.004386 0.000000 0.017452 0.000000 -0.999848 0.000000 0.000000 0.000000 0.000000 1.000000
0.967759 0.251309 0.016892 0.299514 0.251271 -0.967907 0.004386 0.000000 0.017452 0.000000 -0.999848 -0.000000 0.000000 0.000000 0.000000 1.000000</float_array><technique_common><accessor source="#Spine_03-Matrix-animation-output-transform-array" count="13" stride="16"><param type="float4x4"/></accessor></technique_common></source><source id="Spine_03-Interpolations"><Name_array id="Spine_03-Interpolations-array" count="13">
 LINEAR LINEAR LINEAR LINEAR LINEAR LINEAR LINEAR LINEAR LINEAR LINEAR LINEAR
LINEAR LINEAR</Name_array><technique_common><accessor source="#Spine_03-Interpolations-array" count="13"><param type="name"/></accessor></technique_common></source><sampler id="Spine_03-Matrix-animation-transform"><input semantic="INPUT" source="#Spine_03-Matrix-animation-input"/><input semantic="OUTPUT" source="#Spine_03-Matrix-animation-output-transform"/><input semantic="INTERPOLATION" source="#Spine_03-Interpolations"/></sampler><channel source="#Spine_03-Matrix-animation-transform" target="Spine_03/matrix"/></animation></animation>
    <animation id="Head-anim" name="Head"><animation><source id="Head-Matrix-animation-input"><float_array id="Head-Matrix-animation-input-array" count="13">

0.000000 0.083333 0.166667 0.250000 0.333333 0.416667 0.500000 0.583333 0.666667 0.750000 0.833333 0.916667 1.000000</float_array><technique_common><accessor source="#Head-Matrix-animation-input-array" count="13"><param name="TIME" type="float"/></accessor></technique_common></source><source id="Head-Matrix-animation-output-transform"><float_array id="Head-Matrix-animation-output-transform-array" count="208">

0.993873 -0.110524 0.000000 0.133559 0.110524 0.993873 -0.000000 0.000000 -0.000000 0.000000 1.000000 0.000000 0.000000 0.000000 0.000000 1.000000
0.993873 -0.110524 0.000000 0.133559 0.110524 0.993873 -0.000000 0.000000 -0.000000 0.000000 1.000000 0.000000 0.000000 0.000000 0.000000 1.000000
0.993873 -0.110524 -0.000000 0.133559 0.110524 0.993873 0.000000 0.000000 -0.000000 -0.000000 1.000000 0.000000 0.000000 0.000000 0.000000 1.000000
0.993873 -0.110524 -0.000000 0.133559 0.110524 0.993873 -0.000000 0.000000 0.000000 0.000000 1.000000 0.000000 0.000000 0.000000 0.000000 1.000000
0.993873 -0.110524 0.000000 0.133559 0.110524 0.993873 0.000000 0.000000 -0.000000 -0.000000 1.000000 0.000000 0.000000 0.000000 0.000000 1.000000
0.993873 -0.110524 -0.000000 0.133559 0.110524 0.993873 0.000000 0.000000 0.000000 0.000000 1.000000 0.000000 0.000000 0.000000 0.000000 1.000000
0.993873 -0.110524 0.000000 0.133559 0.110524 0.993873 -0.000000 -0.000000 -0.000000 0.000000 1.000000 0.000000 0.000000 0.000000 0.000000 1.000000
0.993873 -0.110524 0.000000 0.133559 0.110524 0.993873 -0.000000 0.000000 -0.000000 0.000000 1.000000 0.000000 0.000000 0.000000 0.000000 1.000000
0.993873 -0.110524 0.000000 0.133559 0.110524 0.993873 0.000000 0.000000 -0.000000 -0.000000 1.000000 0.000000 0.000000 0.000000 0.000000 1.000000
0.993873 -0.110524 -0.000000 0.133559 0.110524 0.993873 0.000000 0.000000 0.000000 0.000000 1.000000 0.000000 0.000000 0.000000 0.000000 1.000000
0.993873 -0.110524 0.000000 0.133559 0.110524 0.993873 0.000000 0.000000 -0.000000 0.000000 1.000000 0.000000 0.000000 0.000000 0.000000 1.000000
0.993873 -0.110524 -0.000000 0.133559 0.110524 0.993873 -0.000000 0.000000 0.000000 -0.000000 1.000000 0.000000 0.000000 0.000000 0.000000 1.000000
0.993873 -0.110524 -0.000000 0.133559 0.110524 0.993873 0.000000 0.000000 0.000000 0.000000 1.000000 0.000000 0.000000 0.000000 0.000000 1.000000</float_array><technique_common><accessor source="#Head-Matrix-animation-output-transform-array" count="13" stride="16"><param type="float4x4"/></accessor></technique_common></source><source id="Head-Interpolations"><Name_array id="Head-Interpolations-array" count="13">
 LINEAR LINEAR LINEAR LINEAR LINEAR LINEAR LINEAR LINEAR LINEAR LINEAR LINEAR
LINEAR LINEAR</Name_array><technique_common><accessor source="#Head-Interpolations-array" count="13"><param type="name"/></accessor></technique_common></source><sampler id="Head-Matrix-animation-transform"><input semantic="INPUT" source="#Head-Matrix-animation-input"/><input semantic="OUTPUT" source="#Head-Matrix-animation-output-transform"/><input semantic="INTERPOLATION" source="#Head-Interpolations"/></sampler><channel source="#Head-Matrix-animation-transform" target="Head/matrix"/></animation></animation>
    <animation id="M_Hair_Jnt_0-anim" name="M_Hair_Jnt_0"><animation><source id="M_Hair_Jnt_0-Matrix-animation-input"><float_array id="M_Hair_Jnt_0-Matrix-animation-input-array" count="13">

0.000000 0.083333 0.166667 0.250000 0.333333 0.416667 0.500000 0.583333 0.666667 0.750000 0.833333 0.916667 1.000000</float_array><technique_common><accessor source="#M_Hair_Jnt_0-Matrix-animation-input-array" count="13"><param name="TIME" type="float"/></accessor></technique_common></source><source id="M_Hair_Jnt_0-Matrix-animation-output-transform"><float_array id="M_Hair_Jnt_0-Matrix-animation-output-transform-array" count="208">

-0.555024 0.831823 -0.004417 0.191574 0.818824 0.547270 0.173269 0.208364 0.146547 0.092552 -0.984865 -0.007597 0.000000 0.000000 0.000000 1.000000
-0.473055 0.881025 -0.003631 0.191574 0.868048 0.466784 0.169129 0.208364 0.150702 0.076856 -0.985587 -0.007597 0.000000 0.000000 0.000000 1.000000
-0.087122 0.996156 0.009082 0.191574 0.985474 0.084847 0.147112 0.208364 0.145775 0.021767 -0.989078 -0.007597 0.000000 0.000000 0.000000 1.000000
-0.181519 0.983387 -0.000444 0.191574 0.972336 0.179547 0.149419 0.208364 0.147016 0.026691 -0.988774 -0.007597 0.000000 0.000000 0.000000 1.000000
-0.869526 0.493409 -0.021720 0.191574 0.481287 0.856394 0.186955 0.208364 0.110846 0.152109 -0.982128 -0.007597 0.000000 0.000000 0.000000 1.000000
-0.689328 0.724450 0.000065 0.191574 0.711986 0.677452 0.184755 0.208364 0.133801 0.127403 -0.982785 -0.007597 0.000000 0.000000 0.000000 1.000000
-0.492285 0.870120 0.023391 0.191574 0.857807 0.480407 0.182694 0.208364 0.147728 0.110003 -0.982892 -0.007597 0.000000 0.000000 0.000000 1.000000
-0.654856 0.755518 -0.018869 0.191574 0.741848 0.647373 0.174839 0.208364 0.144309 0.100496 -0.984416 -0.007597 0.000000 0.000000 0.000000 1.000000
-0.346212 0.937916 0.021218 0.191574 0.925516 0.337760 0.171284 0.208364 0.153484 0.078939 -0.984993 -0.007597 0.000000 0.000000 0.000000 1.000000
0.529747 0.845967 0.060902 0.191574 0.836311 -0.532958 0.128607 0.208364 0.141255 -0.017196 -0.989824 -0.007597 0.000000 0.000000 0.000000 1.000000
0.465260 0.878950 0.104782 0.191574 0.865530 -0.476536 0.154179 0.208364 0.185449 0.018959 -0.982471 -0.007597 0.000000 0.000000 0.000000 1.000000
0.267177 0.961339 0.066665 0.191574 0.950255 -0.274326 0.147513 0.208364 0.160098 0.023937 -0.986811 -0.007597 0.000000 0.000000 0.000000 1.000000
-0.026368 0.999182 0.030662 0.191574 0.987989 0.021377 0.153041 0.208364 0.152261 0.034329 -0.987744 -0.007597 0.000000 0.000000 0.000000 1.000000</float_array><technique_common><accessor source="#M_Hair_Jnt_0-Matrix-animation-output-transform-array" count="13" stride="16"><param type="float4x4"/></accessor></technique_common></source><source id="M_Hair_Jnt_0-Interpolations"><Name_array id="M_Hair_Jnt_0-Interpolations-array" count="13">
 LINEAR LINEAR LINEAR LINEAR LINEAR LINEAR LINEAR LINEAR LINEAR LINEAR LINEAR
LINEAR LINEAR</Name_array><technique_common><accessor source="#M_Hair_Jnt_0-Interpolations-array" count="13"><param type="name"/></accessor></technique_common></source><sampler id="M_Hair_Jnt_0-Matrix-animation-transform"><input semantic="INPUT" source="#M_Hair_Jnt_0-Matrix-animation-input"/><input semantic="OUTPUT" source="#M_Hair_Jnt_0-Matrix-animation-output-transform"/><input semantic="INTERPOLATION" source="#M_Hair_Jnt_0-Interpolations"/></sampler><channel source="#M_Hair_Jnt_0-Matrix-animation-transform" target="M_Hair_Jnt_0/matrix"/></animation></animation>
    <animation id="M_Hair_Jnt_1-anim" name="M_Hair_Jnt_1"><animation><source id="M_Hair_Jnt_1-Matrix-animation-input"><float_array id="M_Hair_Jnt_1-Matrix-animation-input-array" count="13">

0.000000 0.083333 0.166667 0.250000 0.333333 0.416667 0.500000 0.583333 0.666667 0.750000 0.833333 0.916667 1.000000</float_array><technique_common><accessor source="#M_Hair_Jnt_1-Matrix-animation-input-array" count="13"><param name="TIME" type="float"/></accessor></technique_common></source><source id="M_Hair_Jnt_1-Matrix-animation-output-transform"><float_array id="M_Hair_Jnt_1-Matrix-animation-output-transform-array" count="208">

0.977249 0.212083 -0.002109 0.147208 -0.212090 0.977242 -0.003872 -0.000000 0.001240 0.004231 0.999990 -0.004321 0.000000 0.000000 0.000000 1.000000
0.972156 0.234334 -0.000606 0.147208 -0.234334 0.972156 -0.001055 0.000000 0.000342 0.001167 0.999999 -0.004321 0.000000 0.000000 0.000000 1.000000
0.956381 0.292114 0.002099 0.147208 -0.292117 0.956382 0.001397 -0.000000 -0.001599 -0.001950 0.999997 -0.004321 0.000000 0.000000 0.000000 1.000000
0.958307 0.285733 0.001817 0.147208 -0.285736 0.958308 0.001228 0.000000 -0.001391 -0.001696 0.999998 -0.004321 0.000000 0.000000 0.000000 1.000000
0.993531 0.113339 -0.007144 0.147208 -0.113446 0.993399 -0.016957 0.000000 0.005175 0.017658 0.999831 -0.004321 0.000000 0.000000 0.000000 1.000000
0.981992 0.188889 -0.003531 0.147208 -0.188910 0.981970 -0.006864 -0.000000 0.002171 0.007408 0.999970 -0.004321 0.000000 0.000000 0.000000 1.000000
0.971194 0.238290 -0.000325 0.147208 -0.238290 0.971194 -0.000560 0.000000 0.000182 0.000621 1.000000 -0.004321 0.000000 0.000000 0.000000 1.000000
0.978447 0.206484 -0.002466 0.147208 -0.206494 0.978437 -0.004589 0.000000 0.001465 0.004999 0.999986 -0.004321 0.000000 0.000000 0.000000 1.000000
0.966799 0.255537 0.000526 0.147208 -0.255537 0.966799 0.000380 -0.000000 -0.000411 -0.000502 1.000000 -0.004321 0.000000 0.000000 0.000000 1.000000
0.940175 0.340664 0.004335 0.147208 -0.340677 0.940177 0.002576 0.000000 -0.003198 -0.003899 0.999987 -0.004321 0.000000 0.000000 0.000000 1.000000
0.948150 0.317807 0.003261 0.147208 -0.317814 0.948151 0.002047 0.000000 -0.002442 -0.002977 0.999993 -0.004321 0.000000 0.000000 0.000000 1.000000
0.944344 0.328939 0.003779 0.147208 -0.328949 0.944345 0.002310 0.000000 -0.002809 -0.003425 0.999990 -0.004321 0.000000 0.000000 0.000000 1.000000
0.957927 0.287007 0.001873 0.147208 -0.287010 0.957927 0.001262 0.000000 -0.001432 -0.001746 0.999997 -0.004321 0.000000 0.000000 0.000000 1.000000</float_array><technique_common><accessor source="#M_Hair_Jnt_1-Matrix-animation-output-transform-array" count="13" stride="16"><param type="float4x4"/></accessor></technique_common></source><source id="M_Hair_Jnt_1-Interpolations"><Name_array id="M_Hair_Jnt_1-Interpolations-array" count="13">
 LINEAR LINEAR LINEAR LINEAR LINEAR LINEAR LINEAR LINEAR LINEAR LINEAR LINEAR
LINEAR LINEAR</Name_array><technique_common><accessor source="#M_Hair_Jnt_1-Interpolations-array" count="13"><param type="name"/></accessor></technique_common></source><sampler id="M_Hair_Jnt_1-Matrix-animation-transform"><input semantic="INPUT" source="#M_Hair_Jnt_1-Matrix-animation-input"/><input semantic="OUTPUT" source="#M_Hair_Jnt_1-Matrix-animation-output-transform"/><input semantic="INTERPOLATION" source="#M_Hair_Jnt_1-Interpolations"/></sampler><channel source="#M_Hair_Jnt_1-Matrix-animation-transform" target="M_Hair_Jnt_1/matrix"/></animation></animation>
    <animation id="M_Hair_Jnt_2-anim" name="M_Hair_Jnt_2"><animation><source id="M_Hair_Jnt_2-Matrix-animation-input"><float_array id="M_Hair_Jnt_2-Matrix-animation-input-array" count="13">

0.000000 0.083333 0.166667 0.250000 0.333333 0.416667 0.500000 0.583333 0.666667 0.750000 0.833333 0.916667 1.000000</float_array><technique_common><accessor source="#M_Hair_Jnt_2-Matrix-animation-input-array" count="13"><param name="TIME" type="float"/></accessor></technique_common></source><source id="M_Hair_Jnt_2-Matrix-animation-output-transform"><float_array id="M_Hair_Jnt_2-Matrix-animation-output-transform-array" count="208">

0.861549 0.507661 0.003665 0.244749 -0.507650 0.861556 -0.003690 0.000000 -0.005031 0.001319 0.999986 -0.009540 0.000000 0.000000 0.000000 1.000000
0.831138 0.556065 0.000951 0.244749 -0.556065 0.831138 -0.001074 0.000000 -0.001388 0.000364 0.999999 -0.009540 0.000000 0.000000 0.000000 1.000000
0.744856 0.667212 0.004165 0.244749 -0.667225 0.744845 0.004128 0.000000 -0.000348 -0.005854 0.999983 -0.009540 0.000000 0.000000 0.000000 1.000000
0.755104 0.655595 0.003566 0.244749 -0.655605 0.755095 0.003647 0.000000 -0.000302 -0.005092 0.999987 -0.009540 0.000000 0.000000 0.000000 1.000000
0.960335 0.278224 0.018638 0.244749 -0.278056 0.960500 -0.011126 0.000000 -0.020997 0.005502 0.999764 -0.009540 0.000000 0.000000 0.000000 1.000000
0.890092 0.455730 0.006788 0.244749 -0.455696 0.890115 -0.006069 0.000000 -0.008808 0.002308 0.999959 -0.009540 0.000000 0.000000 0.000000 1.000000
0.825422 0.564515 0.000500 0.244749 -0.564515 0.825422 -0.000576 0.000000 -0.000738 0.000193 1.000000 -0.009540 0.000000 0.000000 0.000000 1.000000
0.868736 0.495256 0.004393 0.244749 -0.495240 0.868745 -0.004298 -0.000000 -0.005945 0.001558 0.999981 -0.009540 0.000000 0.000000 0.000000 1.000000
0.800866 0.598843 0.000973 0.244749 -0.598844 0.800865 0.001152 0.000000 -0.000089 -0.001506 0.999999 -0.009540 0.000000 0.000000 0.000000 1.000000
0.660362 0.750890 0.009249 0.244749 -0.750947 0.660323 0.007208 0.000000 -0.000695 -0.011706 0.999931 -0.009540 0.000000 0.000000 0.000000 1.000000
0.701565 0.712574 0.006742 0.244749 -0.712606 0.701540 0.005892 0.000000 -0.000531 -0.008938 0.999960 -0.009540 0.000000 0.000000 0.000000 1.000000
0.681811 0.731485 0.007939 0.244749 -0.731528 0.681780 0.006564 0.000000 -0.000611 -0.010283 0.999947 -0.009540 0.000000 0.000000 0.000000 1.000000
0.753075 0.657925 0.003684 0.244749 -0.657935 0.753065 0.003744 0.000000 -0.000311 -0.005244 0.999986 -0.009540 0.000000 0.000000 0.000000 1.000000</float_array><technique_common><accessor source="#M_Hair_Jnt_2-Matrix-animation-output-transform-array" count="13" stride="16"><param type="float4x4"/></accessor></technique_common></source><source id="M_Hair_Jnt_2-Interpolations"><Name_array id="M_Hair_Jnt_2-Interpolations-array" count="13">
 LINEAR LINEAR LINEAR LINEAR LINEAR LINEAR LINEAR LINEAR LINEAR LINEAR LINEAR
LINEAR LINEAR</Name_array><technique_common><accessor source="#M_Hair_Jnt_2-Interpolations-array" count="13"><param type="name"/></accessor></technique_common></source><sampler id="M_Hair_Jnt_2-Matrix-animation-transform"><input semantic="INPUT" source="#M_Hair_Jnt_2-Matrix-animation-input"/><input semantic="OUTPUT" source="#M_Hair_Jnt_2-Matrix-animation-output-transform"/><input semantic="INTERPOLATION" source="#M_Hair_Jnt_2-Interpolations"/></sampler><channel source="#M_Hair_Jnt_2-Matrix-animation-transform" target="M_Hair_Jnt_2/matrix"/></animation></animation>
    <animation id="M_Hair_Jnt_3-anim" name="M_Hair_Jnt_3"><animation><source id="M_Hair_Jnt_3-Matrix-animation-input"><float_array id="M_Hair_Jnt_3-Matrix-animation-input-array" count="13">

0.000000 0.083333 0.166667 0.250000 0.333333 0.416667 0.500000 0.583333 0.666667 0.750000 0.833333 0.916667 1.000000</float_array><technique_common><accessor source="#M_Hair_Jnt_3-Matrix-animation-input-array" count="13"><param name="TIME" type="float"/></accessor></technique_common></source><source id="M_Hair_Jnt_3-Matrix-animation-output-transform"><float_array id="M_Hair_Jnt_3-Matrix-animation-output-transform-array" count="208">

0.950266 0.311440 -0.000121 0.217920 -0.311440 0.950266 -0.000370 -0.000000 0.000000 0.000389 1.000000 -0.000000 0.000000 0.000000 0.000000 1.000000
0.939129 0.343566 -0.000037 0.217920 -0.343566 0.939129 -0.000101 -0.000000 0.000000 0.000107 1.000000 -0.000000 0.000000 0.000000 0.000000 1.000000
0.881645 0.471880 0.005639 0.217920 -0.471907 0.881633 0.005177 0.000000 -0.002529 -0.007226 0.999971 -0.000000 0.000000 0.000000 0.000000 1.000000
0.889372 0.457159 0.004830 0.217920 -0.457179 0.889363 0.004584 0.000000 -0.002200 -0.006285 0.999978 -0.000000 0.000000 0.000000 0.000000 1.000000
0.985976 0.166889 -0.000272 0.217920 -0.166890 0.985974 -0.001601 -0.000000 0.000001 0.001624 0.999999 -0.000000 0.000000 0.000000 0.000000 1.000000
0.960653 0.277752 -0.000190 0.217920 -0.277752 0.960653 -0.000654 -0.000000 0.000000 0.000681 1.000000 -0.000000 0.000000 0.000000 0.000000 1.000000
0.937027 0.349257 -0.000020 0.217920 -0.349257 0.937027 -0.000053 0.000000 0.000000 0.000057 1.000000 -0.000000 0.000000 0.000000 0.000000 1.000000
0.952887 0.303326 -0.000140 0.217920 -0.303326 0.952887 -0.000438 -0.000000 0.000000 0.000460 1.000000 -0.000000 0.000000 0.000000 0.000000 1.000000
0.922402 0.386228 0.001318 0.217920 -0.386230 0.922401 0.001463 -0.000000 -0.000650 -0.001859 0.999998 -0.000000 0.000000 0.000000 0.000000 1.000000
0.814326 0.580274 0.012504 0.217920 -0.580386 0.814293 0.008832 -0.000000 -0.005057 -0.014449 0.999883 -0.000000 0.000000 0.000000 0.000000 1.000000
0.847892 0.530091 0.009123 0.217920 -0.530156 0.847869 0.007308 -0.000000 -0.003861 -0.011033 0.999932 -0.000000 0.000000 0.000000 0.000000 1.000000
0.831959 0.554734 0.010738 0.217920 -0.554820 0.831931 0.008096 -0.000000 -0.004442 -0.012693 0.999910 -0.000000 0.000000 0.000000 0.000000 1.000000
0.887850 0.460106 0.004989 0.217920 -0.460127 0.887841 0.004705 -0.000000 -0.002265 -0.006473 0.999976 -0.000000 0.000000 0.000000 0.000000 1.000000</float_array><technique_common><accessor source="#M_Hair_Jnt_3-Matrix-animation-output-transform-array" count="13" stride="16"><param type="float4x4"/></accessor></technique_common></source><source id="M_Hair_Jnt_3-Interpolations"><Name_array id="M_Hair_Jnt_3-Interpolations-array" count="13">
 LINEAR LINEAR LINEAR LINEAR LINEAR LINEAR LINEAR LINEAR LINEAR LINEAR LINEAR
LINEAR LINEAR</Name_array><technique_common><accessor source="#M_Hair_Jnt_3-Interpolations-array" count="13"><param type="name"/></accessor></technique_common></source><sampler id="M_Hair_Jnt_3-Matrix-animation-transform"><input semantic="INPUT" source="#M_Hair_Jnt_3-Matrix-animation-input"/><input semantic="OUTPUT" source="#M_Hair_Jnt_3-Matrix-animation-output-transform"/><input semantic="INTERPOLATION" source="#M_Hair_Jnt_3-Interpolations"/></sampler><channel source="#M_Hair_Jnt_3-Matrix-animation-transform" target="M_Hair_Jnt_3/matrix"/></animation></animation>
    <animation id="M_Har_Jnt_4-anim" name="M_Har_Jnt_4"><animation><source id="M_Har_Jnt_4-Matrix-animation-input"><float_array id="M_Har_Jnt_4-Matrix-animation-input-array" count="13">

0.000000 0.083333 0.166667 0.250000 0.333333 0.416667 0.500000 0.583333 0.666667 0.750000 0.833333 0.916667 1.000000</float_array><technique_common><accessor source="#M_Har_Jnt_4-Matrix-animation-input-array" count="13"><param name="TIME" type="float"/></accessor></technique_common></source><source id="M_Har_Jnt_4-Matrix-animation-output-transform"><float_array id="M_Har_Jnt_4-Matrix-animation-output-transform-array" count="208">

0.974779 -0.223058 0.007195 0.170737 -0.223064 -0.974804 0.000030 0.000000 0.007007 -0.001634 -0.999974 0.000000 0.000000 0.000000 0.000000 1.000000
0.969143 -0.246493 0.001985 0.170737 -0.246494 -0.969144 -0.000040 0.000000 0.001933 -0.000451 -0.999998 -0.000000 0.000000 0.000000 0.000000 1.000000
0.933549 -0.358383 -0.006867 0.170737 -0.358426 -0.933535 -0.006521 -0.000000 -0.004073 0.008549 -0.999955 -0.000000 0.000000 0.000000 0.000000 1.000000
0.938512 -0.345195 -0.005893 0.170737 -0.345227 -0.938501 -0.005756 0.000000 -0.003543 0.007436 -0.999966 -0.000000 0.000000 0.000000 0.000000 1.000000
0.992463 -0.118854 0.029843 0.170737 -0.119004 -0.992888 0.003292 0.000000 0.029240 -0.006818 -0.999549 -0.000000 0.000000 0.000000 0.000000 1.000000
0.979998 -0.198611 0.012591 0.170737 -0.198631 -0.980074 0.000368 -0.000000 0.012267 -0.002861 -0.999921 0.000000 0.000000 0.000000 0.000000 1.000000
0.968075 -0.250658 0.001055 0.170737 -0.250658 -0.968076 -0.000025 -0.000000 0.001028 -0.000240 -0.999999 0.000000 0.000000 0.000000 0.000000 1.000000
0.976099 -0.217158 0.008501 0.170737 -0.217167 -0.976135 0.000087 0.000000 0.008279 -0.001931 -0.999964 -0.000000 0.000000 0.000000 0.000000 1.000000
0.959347 -0.282223 -0.001626 0.170737 -0.282226 -0.959346 -0.001814 0.000000 -0.001048 0.002199 -0.999997 -0.000000 0.000000 0.000000 0.000000 1.000000
0.889309 -0.457060 -0.015061 0.170737 -0.457235 -0.889272 -0.011480 -0.000000 -0.008146 0.017096 -0.999821 -0.000000 0.000000 0.000000 0.000000 1.000000
0.911568 -0.411002 -0.011036 0.170737 -0.411103 -0.911541 -0.009343 -0.000000 -0.006220 0.013054 -0.999895 -0.000000 0.000000 0.000000 0.000000 1.000000
0.901046 -0.433530 -0.012960 0.170737 -0.433665 -0.901014 -0.010430 0.000000 -0.007156 0.015018 -0.999862 0.000000 0.000000 0.000000 0.000000 1.000000
0.937537 -0.347831 -0.006085 0.170737 -0.347865 -0.937526 -0.005911 0.000000 -0.003649 0.007659 -0.999964 0.000000 0.000000 0.000000 0.000000 1.000000</float_array><technique_common><accessor source="#M_Har_Jnt_4-Matrix-animation-output-transform-array" count="13" stride="16"><param type="float4x4"/></accessor></technique_common></source><source id="M_Har_Jnt_4-Interpolations"><Name_array id="M_Har_Jnt_4-Interpolations-array" count="13">
 LINEAR LINEAR LINEAR LINEAR LINEAR LINEAR LINEAR LINEAR LINEAR LINEAR LINEAR
LINEAR LINEAR</Name_array><technique_common><accessor source="#M_Har_Jnt_4-Interpolations-array" count="13"><param type="name"/></accessor></technique_common></source><sampler id="M_Har_Jnt_4-Matrix-animation-transform"><input semantic="INPUT" source="#M_Har_Jnt_4-Matrix-animation-input"/><input semantic="OUTPUT" source="#M_Har_Jnt_4-Matrix-animation-output-transform"/><input semantic="INTERPOLATION" source="#M_Har_Jnt_4-Interpolations"/></sampler><channel source="#M_Har_Jnt_4-Matrix-animation-transform" target="M_Har_Jnt_4/matrix"/></animation></animation>
    <animation id="M_Hair_Jnt_5-anim" name="M_Hair_Jnt_5"><animation><source id="M_Hair_Jnt_5-Matrix-animation-input"><float_array id="M_Hair_Jnt_5-Matrix-animation-input-array" count="13">

0.000000 0.083333 0.166667 0.250000 0.333333 0.416667 0.500000 0.583333 0.666667 0.750000 0.833333 0.916667 1.000000</float_array><technique_common><accessor source="#M_Hair_Jnt_5-Matrix-animation-input-array" count="13"><param name="TIME" type="float"/></accessor></technique_common></source><source id="M_Hair_Jnt_5-Matrix-animation-output-transform"><float_array id="M_Hair_Jnt_5-Matrix-animation-output-transform-array" count="208">

0.991257 -0.131944 0.000792 0.195168 0.131946 0.991254 -0.002305 -0.000000 -0.000481 0.002389 0.999997 0.010600 0.000000 0.000000 0.000000 1.000000
0.989301 -0.145888 0.000227 0.195168 0.145888 0.989301 -0.000633 -0.000000 -0.000133 0.000659 1.000000 0.010600 0.000000 0.000000 0.000000 1.000000
0.976308 -0.216337 -0.004672 0.195168 0.216363 0.976295 0.005970 -0.000000 0.003270 -0.006840 0.999971 0.010600 0.000000 0.000000 0.000000 1.000000
0.978140 -0.207909 -0.004019 0.195168 0.207929 0.978130 0.005228 -0.000000 0.002844 -0.005950 0.999978 0.010600 0.000000 0.000000 0.000000 1.000000
0.997505 -0.070540 0.002704 0.195168 0.070563 0.997459 -0.009804 -0.000000 -0.002006 0.009971 0.999948 0.010600 0.000000 0.000000 0.000000 1.000000
0.993077 -0.117457 0.001327 0.195168 0.117462 0.993069 -0.004055 -0.000000 -0.000841 0.004183 0.999991 0.010600 0.000000 0.000000 0.000000 1.000000
0.988932 -0.148373 0.000122 0.195168 0.148373 0.988931 -0.000336 -0.000000 -0.000071 0.000351 1.000000 0.010600 0.000000 0.000000 0.000000 1.000000
0.991717 -0.128443 0.000926 0.195168 0.128445 0.991713 -0.002727 -0.000000 -0.000568 0.002823 0.999996 0.010600 0.000000 0.000000 0.000000 1.000000
0.985781 -0.168032 -0.001125 0.195168 0.168033 0.985780 0.001593 0.000000 0.000841 -0.001760 0.999998 0.010600 0.000000 0.000000 0.000000 1.000000
0.959813 -0.280457 -0.010113 0.195168 0.280563 0.959769 0.011294 -0.000000 0.006539 -0.013678 0.999885 0.010600 0.000000 0.000000 0.000000 1.000000
0.968146 -0.250275 -0.007448 0.195168 0.250336 0.968118 0.008862 0.000000 0.004993 -0.010444 0.999933 0.010600 0.000000 0.000000 0.000000 1.000000
0.964215 -0.264977 -0.008723 0.195168 0.265059 0.964180 0.010063 0.000000 0.005744 -0.012015 0.999911 0.010600 0.000000 0.000000 0.000000 1.000000
0.977780 -0.209591 -0.004148 0.195168 0.209612 0.977770 0.005377 -0.000000 0.002929 -0.006127 0.999977 0.010600 0.000000 0.000000 0.000000 1.000000</float_array><technique_common><accessor source="#M_Hair_Jnt_5-Matrix-animation-output-transform-array" count="13" stride="16"><param type="float4x4"/></accessor></technique_common></source><source id="M_Hair_Jnt_5-Interpolations"><Name_array id="M_Hair_Jnt_5-Interpolations-array" count="13">
 LINEAR LINEAR LINEAR LINEAR LINEAR LINEAR LINEAR LINEAR LINEAR LINEAR LINEAR
LINEAR LINEAR</Name_array><technique_common><accessor source="#M_Hair_Jnt_5-Interpolations-array" count="13"><param type="name"/></accessor></technique_common></source><sampler id="M_Hair_Jnt_5-Matrix-animation-transform"><input semantic="INPUT" source="#M_Hair_Jnt_5-Matrix-animation-input"/><input semantic="OUTPUT" source="#M_Hair_Jnt_5-Matrix-animation-output-transform"/><input semantic="INTERPOLATION" source="#M_Hair_Jnt_5-Interpolations"/></sampler><channel source="#M_Hair_Jnt_5-Matrix-animation-transform" target="M_Hair_Jnt_5/matrix"/></animation></animation>
    <animation id="M_Hair_Jnt_6-anim" name="M_Hair_Jnt_6"><animation><source id="M_Hair_Jnt_6-Matrix-animation-input"><float_array id="M_Hair_Jnt_6-Matrix-animation-input-array" count="13">

0.000000 0.083333 0.166667 0.250000 0.333333 0.416667 0.500000 0.583333 0.666667 0.750000 0.833333 0.916667 1.000000</float_array><technique_common><accessor source="#M_Hair_Jnt_6-Matrix-animation-input-array" count="13"><param name="TIME" type="float"/></accessor></technique_common></source><source id="M_Hair_Jnt_6-Matrix-animation-output-transform"><float_array id="M_Hair_Jnt_6-Matrix-animation-output-transform-array" count="208">

0.936373 -0.350991 -0.003376 0.200854 -0.350998 -0.936374 -0.001984 0.000000 -0.002465 0.003043 -0.999992 0.011660 0.000000 0.000000 0.000000 1.000000
0.922247 -0.386601 -0.000952 0.200854 -0.386602 -0.922247 -0.000511 -0.000000 -0.000680 0.000840 -0.999999 0.011660 0.000000 0.000000 0.000000 1.000000
0.921363 -0.388686 0.003666 0.200854 -0.388674 -0.921368 -0.003662 -0.000000 0.004801 0.001949 -0.999987 0.011660 0.000000 0.000000 0.000000 1.000000
0.920740 -0.390164 0.003183 0.200854 -0.390155 -0.920744 -0.003191 -0.000000 0.004176 0.001696 -0.999990 0.011660 0.000000 0.000000 0.000000 1.000000
0.981812 -0.189445 -0.012507 0.200854 -0.189579 -0.981809 -0.010520 -0.000000 -0.010287 0.012700 -0.999866 0.011660 0.000000 0.000000 0.000000 1.000000
